MUSICEvapDataQueryTool/BOMEvapData/etapapr.txt
ncols         417
nrows         337
xllcorner     112.15
yllcorner     -43.8
cellsize      0.1
NODATA_value  -9999
[rows 156 to 207 of 337, columns 288 to 383 of 417]
96 96 96 96 96 96 97 97 97 97 97 97 98 98 98 98 98 98 98 98 98 98 97 97 97 97 97 97 97 96 96 96 96 96 96 96 96 96 97 97 97 97 97 98 98 98 98 99 99 99 99 100 100 100 100 101 101 101 101 101 101 101 101 102 102 102 103 103 104 104 104 105 104 105 106 107 107 108 108 108 109 109 110 110 110 110 110 110 110 110 110 110 109 109 108 109
96 96 96 96 96 96 96 96 97 97 97 97 97 97 97 97 97 97 97 97 97 97 97 96 96 96 96 96 96 96 96 96 96 96 96 96 96 96 96 96 96 96 97 97 97 98 98 98 98 99 99 99 99 100 100 100 100 101 101 101 101 101 101 101 101 102 102 103 103 104 104 104 104 105 106 106 107 108 108 108 109 109 110 110 110 110 110 110 110 109 109 109 108 108 108 108
95 95 95 95 95 96 96 96 96 96 96 96 96 96 96 96 96 96 96 96 96 96 96 96 96 96 96 96 95 95 95 95 95 95 95 95 95 95 95 96 96 96 96 97 97 97 98 98 98 98 99 99 99 99 100 100 100 100 100 100 101 100 101 101 101 101 102 102 103 103 103 103 104 105 106 106 107 107 108 109 109 109 110 110 109 109 109 109 109 109 108 108 108 108 108 108
95 95 95 95 95 95 95 95 95 96 96 96 96 96 95 95 95 95 96 96 96 96 95 95 95 95 95 95 95 94 94 94 94 94 94 94 95 95 95 95 95 95 96 96 97 97 97 98 98 98 99 99 99 99 100 100 100 100 100 100 100 100 100 100 100 101 101 101 102 103 103 103 104 105 106 106 107 108 108 108 109 109 109 109 109 109 109 109 109 108 108 107 107 107 107 107
94 94 94 95 95 95 95 95 95 95 95 95 95 95 95 95 95 95 95 95 95 95 95 95 95 95 94 94 94 94 94 94 94 94 94 94 94 94 94 95 95 95 95 96 96 96 97 97 98 98 98 99 99 99 99 99 99 99 100 100 100 100 100 100 100 100 101 101 102 102 102 103 104 104 106 106 107 108 108 108 108 109 109 109 108 108 108 108 108 107 108 107 107 107 107 107
94 94 94 94 94 94 94 94 94 94 95 95 95 94 94 94 94 94 94 94 94 94 94 94 94 94 94 94 94 93 93 93 93 93 93 93 94 94 94 94 94 95 95 95 96 96 96 97 97 98 98 98 99 99 99 99 99 99 99 100 100 100 100 100 100 100 100 101 101 102 102 103 104 104 105 106 107 108 109 108 108 108 108 108 108 108 107 107 107 107 107 107 106 106 107 106
93 93 93 94 94 94 94 94 94 94 94 94 94 94 94 94 93 93 93 93 93 94 94 94 93 93 93 93 93 93 93 93 93 93 93 93 93 93 93 94 94 94 95 95 95 96 96 96 97 97 98 98 98 99 99 99 99 99 99 99 99 99 99 99 100 100 100 100 101 101 102 102 103 104 105 107 108 108 109 108 109 108 108 108 108 107 107 107 106 106 106 106 106 106 106 106
93 93 93 93 93 93 93 93 93 93 93 93 93 93 93 93 93 93 93 93 93 93 93 93 93 93 93 93 92 92 92 92 92 92 92 93 93 93 93 93 94 94 94 95 95 95 96 96 96 97 97 98 98 98 98 98 98 99 99 99 99 99 99 99 99 100 100 100 100 101 101 102 103 104 105 106 108 109 109 109 109 108 108 108 107 107 107 106 106 106 106 106 106 105 105 105
93 93 93 92 92 92 92 93 93 93 93 93 93 93 93 93 92 92 92 92 92 92 92 92 92 92 92 92 92 92 92 92 92 92 92 92 92 92 93 93 93 93 94 94 95 95 95 96 96 96 97 97 97 98 98 98 98 98 98 98 98 99 99 99 99 99 100 100 100 101 101 102 103 104 105 106 107 109 110 109 108 108 108 107 107 107 106 106 106 105 105 105 105 105 105 105
92 92 92 92 92 92 92 92 92 92 92 92 92 92 92 92 92 92 91 91 92 92 92 92 91 92 91 91 91 91 91 91 91 92 92 92 92 92 92 92 93 93 93 94 94 94 95 95 96 96 96 97 97 97 97 98 98 98 98 98 98 98 99 99 99 99 99 100 100 101 101 102 103 104 105 105 107 108 108 108 108 107 107 106 106 106 106 106 105 105 105 105 105 105 104 105
92 92 92 92 91 91 91 92 92 92 92 92 91 91 91 91 91 91 91 91 91 91 91 91 91 91 91 91 91 91 90 91 91 91 91 91 91 92 92 92 93 93 93 93 94 94 94 95 95 96 96 96 97 97 97 97 97 97 98 98 98 98 99 99 99 99 99 100 100 101 101 102 103 103 104 105 106 107 107 107 107 107 106 106 106 106 105 105 105 105 104 104 104 104 104 104
91 91 91 91 91 91 91 91 91 91 91 91 90 91 91 91 90 90 90 90 90 90 90 90 90 90 90 90 90 90 90 90 91 91 91 91 91 91 92 92 92 93 93 93 93 94 94 94 95 95 95 96 96 96 96 97 97 97 97 97 98 98 98 99 99 99 99 100 100 101 101 102 102 103 104 105 105 106 106 106 106 106 106 105 105 105 105 105 104 104 104 104 104 104 104 104
91 91 91 91 91 90 90 90 90 90 90 90 90 90 90 90 90 90 90 90 90 90 90 90 90 90 90 90 89 90 90 90 90 90 90 91 91 91 91 92 92 92 92 93 93 93 93 94 94 95 95 95 96 96 96 96 96 97 97 97 97 98 98 98 98 99 99 99 100 101 101 102 102 103 103 104 105 105 105 105 105 105 105 105 104 104 104 104 104 104 104 103 103 103 103 103
90 90 90 90 90 90 90 90 90 90 90 90 90 89 89 89 89 89 89 89 89 89 89 89 89 89 89 89 89 89 89 90 90 90 90 90 90 91 91 91 91 92 92 92 93 93 93 94 94 94 95 95 95 95 96 96 96 96 97 97 97 97 98 98 98 99 99 99 100 100 101 102 102 103 103 104 104 104 104 104 104 104 104 104 104 104 104 104 103 103 103 103 103 103 103 103
90 90 89 89 89 89 89 89 89 89 89 89 89 89 89 89 89 89 89 89 89 89 89 88 88 88 89 89 89 89 89 89 89 89 90 90 90 90 90 91 91 91 92 92 92 92 93 93 94 94 94 95 95 95 95 96 96 96 96 97 97 97 97 98 98 99 99 99 100 100 101 101 102 102 103 103 104 104 104 104 103 103 103 103 103 103 103 103 103 103 103 103 102 102 102 102
89 89 89 89 89 89 89 89 89 89 89 88 88 88 88 88 88 88 88 88 88 88 88 88 88 88 88 88 88 88 89 89 89 89 89 89 89 90 90 90 91 91 91 91 92 92 92 93 93 93 94 94 94 95 95 95 96 96 96 96 97 97 97 98 98 98 99 99 100 100 101 101 102 102 103 103 103 103 103 103 103 103 102 102 102 102 102 102 102 102 102 102 102 102 102 102
89 89 89 89 89 88 88 88 88 88 88 88 88 87 87 87 87 88 88 88 87 87 87 87 87 87 87 88 88 88 88 88 88 89 89 89 89 89 89 90 90 90 91 91 91 91 92 92 93 93 93 94 94 94 95 95 95 95 96 96 96 96 97 97 98 98 98 99 99 100 100 101 101 102 102 103 103 103 103 103 103 102 102 102 102 102 102 102 102 102 102 102 102 101 101 101
89 89 88 88 88 88 88 88 87 87 87 87 87 87 87 87 87 87 87 87 87 87 87 87 87 87 87 87 87 88 88 88 88 88 88 88 89 89 89 89 90 90 91 91 91 91 91 92 92 93 93 93 94 94 94 94 95 95 95 96 96 96 96 97 97 98 98 99 99 100 100 101 101 102 102 102 103 103 103 103 102 102 102 102 102 102 101 101 101 101 101 101 101 101 101 101
88 88 88 88 87 87 87 87 87 87 87 87 86 86 86 86 86 86 86 86 86 86 86 86 86 86 87 87 87 87 87 87 88 88 88 88 88 88 89 89 89 90 90 90 90 91 91 92 92 92 93 93 93 93 94 94 94 95 95 95 95 96 96 97 97 97 98 98 99 99 100 100 101 101 102 102 102 103 102 102 102 102 102 101 101 101 101 101 101 101 101 101 101 101 101 100
88 87 87 87 87 87 87 86 86 86 86 86 86 86 86 85 86 86 86 86 86 85 85 86 86 86 86 86 86 87 87 87 87 87 87 88 88 88 88 89 89 89 90 90 90 91 91 91 91 92 92 92 93 93 93 94 94 94 95 95 95 95 96 96 97 97 97 98 98 99 100 100 101 101 102 102 102 102 102 102 102 101 101 101 101 101 101 101 101 101 100 100 100 100 100 100
87 87 86 86 86 86 86 86 86 85 85 85 85 85 85 85 85 85 85 85 85 85 85 85 85 86 86 86 86 86 86 86 87 87 87 87 87 88 88 88 89 89 89 89 90 90 90 91 91 91 92 92 92 93 93 93 93 94 94 94 94 95 95 96 96 97 97 98 98 99 99 100 100 101 101 102 102 102 102 102 101 101 101 101 101 101 101 100 100 100 100 100 100 100 100 100
87 86 86 86 85 85 85 85 85 85 85 85 84 84 84 84 84 84 84 84 84 84 84 85 85 85 85 85 86 86 86 86 86 86 87 87 87 87 88 88 88 89 89 89 89 90 90 90 91 91 91 92 92 92 93 93 93 93 94 94 94 95 95 95 96 96 97 97 98 98 99 99 100 101 101 102 102 102 102 101 101 101 101 101 100 100 100 100 100 99 99 99 99 99 99 99
86 86 85 85 85 85 85 84 84 84 84 84 84 84 84 84 83 83 83 83 84 84 84 84 84 84 85 85 85 85 85 86 86 86 86 86 87 87 87 88 88 88 88 89 89 89 90 90 90 91 91 91 92 92 92 92 93 93 93 93 94 94 94 95 95 96 96 97 97 98 98 99 99 100 101 102 102 102 101 101 101 101 100 100 100 100 99 99 99 99 99 99 99 99 99 98
85 85 85 84 84 84 84 84 84 83 83 83 83 83 83 83 83 82 83 83 83 83 83 84 84 84 84 84 84 85 85 85 85 85 86 86 86 87 87 87 88 88 88 88 89 89 89 90 90 90 90 91 91 91 92 92 92 92 93 93 93 94 94 94 95 95 96 96 96 97 98 98 99 99 100 101 101 101 101 101 100 100 100 99 99 99 99 99 99 99 99 98 98 98 98 98
85 84 84 84 83 83 83 83 83 83 82 82 82 82 82 82 82 82 82 82 82 83 83 83 83 83 83 84 84 84 84 84 85 85 85 85 86 86 87 87 87 87 88 88 88 89 89 89 90 90 90 90 91 91 91 92 92 92 92 93 93 93 93 94 94 95 95 95 96 96 97 97 98 99 99 100 100 100 100 100 100 99 99 99 99 99 99 98 98 98 98 98 98 98 98 98
84 84 83 83 83 82 82 82 82 82 82 81 81 81 81 81 82 82 82 82 82 82 82 82 82 83 83 83 83 83 84 84 84 85 85 85 85 86 86 86 87 87 87 88 88 88 89 89 89 89 90 90 90 91 91 91 91 92 92 92 92 93 93 93 94 94 94 95 95 96 96 97 97 98 98 99 99 99 99 99 99 99 98 98 98 98 98 98 98 98 97 97 97 97 97 97
84 83 83 82 82 82 82 81 81 81 81 80 80 80 81 81 81 81 81 81 81 82 82 82 82 82 82 82 83 83 83 84 84 84 84 85 85 85 86 86 86 87 87 87 87 88 88 89 89 89 89 90 90 90 90 91 91 91 91 92 92 92 92 93 93 93 94 94 94 95 95 96 96 97 97 98 98 98 98 98 98 98 98 98 98 98 97 97 97 97 97 97 97 96 96 96
83 82 82 82 81 81 81 81 80 80 80 80 80 80 80 80 80 80 80 81 81 81 81 81 82 82 82 82 82 83 83 83 84 84 84 84 85 85 85 86 86 86 87 87 87 88 88 88 88 89 89 89 90 90 90 90 91 91 91 91 91 92 92 92 92 93 93 93 94 94 94 95 95 96 96 96 97 97 97 97 97 97 97 97 97 97 97 97 97 96 96 96 96 96 96 96
82 82 81 81 81 80 80 80 80 79 79 79 79 79 79 80 80 80 80 80 80 80 81 81 81 81 81 81 82 82 82 83 83 83 84 84 84 85 85 85 86 86 86 87 87 87 88 88 88 88 89 89 89 89 90 90 90 90 91 91 91 91 91 91 92 92 92 92 93 93 94 94 94 95 95 95 96 96 96 96 96 96 96 97 96 96 96 96 96 96 96 95 95 95 95 95
82 81 81 80 80 80 79 79 79 79 78 78 79 79 79 79 79 79 79 79 80 80 80 80 81 81 81 81 81 82 82 82 83 83 83 84 84 84 85 85 85 86 86 86 86 87 87 88 88 88 88 89 89 89 89 90 90 90 90 90 90 90 91 91 91 91 91 92 92 92 93 93 93 94 94 94 95 95 95 95 95 96 96 96 96 96 96 96 95 95 95 95 94 94 94 94
81 80 80 80 79 79 79 78 78 78 77 78 78 78 78 78 78 78 79 79 79 79 80 80 80 80 80 81 81 81 81 82 82 83 83 83 84 84 84 85 85 85 85 86 86 87 87 87 87 88 88 88 89 89 89 89 89 89 90 90 90 90 90 90 90 90 91 91 91 91 92 92 92 93 93 93 94 94 94 94 95 95 95 95 95 95 95 95 95 95 94 94 93 93 93 93
80 80 79 79 79 78 78 77 77 77 77 77 77 77 77 77 78 78 78 78 79 79 79 79 80 80 80 80 81 81 81 81 82 82 83 83 83 84 84 84 85 85 85 86 86 86 87 87 87 87 88 88 88 88 89 89 89 89 89 89 89 89 89 89 90 90 90 90 90 91 91 91 91 92 92 92 93 93 93 94 94 94 94 95 95 95 95 95 94 94 94 93 93 92 91 91
79 79 79 78 78 77 77 76 76 76 76 76 76 76 77 77 77 77 77 78 78 78 79 79 79 79 79 80 80 80 81 81 81 82 82 83 83 83 84 84 84 85 85 85 86 86 86 87 87 87 87 88 88 88 88 88 89 89 89 89 89 89 89 89 89 89 89 89 90 90 90 90 90 91 91 91 91 92 92 93 93 93 94 94 94 94 94 94 94 94 93 92 92 91 90 89
79 78 78 78 77 77 76 76 75 75 75 75 75 76 76 76 76 77 77 77 77 78 78 78 78 79 79 79 80 80 80 81 81 81 82 82 83 83 83 84 84 84 85 85 85 86 86 86 87 87 87 87 88 88 88 88 88 88 88 88 88 88 88 88 88 88 88 89 89 89 89 89 90 90 90 90 90 91 91 92 92 93 93 93 94 94 94 94 94 94 93 92 91 90 88 88
78 78 77 77 76 76 75 75 75 75 74 74 75 75 75 76 76 76 76 77 77 77 77 78 78 78 79 79 79 79 80 80 80 81 81 82 82 82 83 83 84 84 84 85 85 85 86 86 86 87 87 87 87 88 88 88 88 88 88 88 88 88 88 88 88 88 88 88 88 88 88 89 89 89 89 89 89 90 90 91 91 92 93 93 93 94 94 94 94 93 93 92 90 88 87 86
78 77 77 76 76 75 75 74 74 74 74 74 74 74 75 75 75 76 76 76 76 77 77 77 78 78 78 78 79 79 79 80 80 81 81 81 82 82 82 83 83 84 84 84 85 85 85 86 86 86 87 87 87 87 87 88 88 88 88 88 88 88 88 87 87 87 87 88 88 88 88 88 88 88 88 88 88 89 89 90 91 91 92 93 93 93 94 94 94 94 93 91 90 88 86 85
77 77 76 76 75 75 74 74 73 73 73 73 73 74 74 74 75 75 75 76 76 76 77 77 77 77 78 78 78 79 79 79 80 80 81 81 82 82 82 83 83 83 84 84 85 85 85 86 86 86 86 87 87 87 87 87 88 88 88 88 88 87 87 87 87 87 87 87 87 87 87 87 87 87 87 87 87 88 89 89 90 91 92 92 93 93 94 94 94 94 93 91 89 87 85 83
77 77 76 76 75 75 74 73 73 73 72 72 73 73 74 74 74 75 75 75 76 76 76 76 77 77 77 77 78 78 79 79 80 80 80 81 81 82 82 82 83 83 83 84 84 85 85 85 86 86 86 86 87 87 87 87 87 87 87 87 87 87 87 87 87 87 87 87 87 87 87 86 86 86 86 86 86 87 88 89 90 90 91 92 92 93 94 94 94 94 93 92 90 88 85 82
77 76 76 75 75 74 74 73 73 73 72 72 73 73 74 74 74 74 75 75 75 75 76 76 76 76 77 77 78 78 78 79 79 80 80 80 81 81 81 82 82 83 83 84 84 84 85 85 85 86 86 86 87 87 87 87 87 87 87 87 87 87 87 87 87 86 86 86 86 86 86 86 86 86 86 86 86 87 87 88 89 90 91 92 92 93 93 94 94 94 93 91 89 88 86 84
76 76 75 75 74 74 74 73 73 73 73 73 73 73 73 73 74 74 74 75 75 75 75 75 76 76 76 77 77 78 78 79 79 79 80 80 81 81 81 82 82 83 83 83 84 84 84 85 85 86 86 86 86 87 87 87 87 87 87 87 87 87 87 86 86 86 86 86 86 86 86 86 86 85 85 85 86 86 87 88 89 90 90 91 92 93 93 93 94 93 93 92 89 88 88 86
76 76 75 75 74 74 73 73 73 73 73 73 73 73 73 73 74 74 74 74 74 75 75 75 75 76 76 77 77 77 78 78 79 79 79 80 80 81 81 81 82 82 83 83 83 84 84 85 85 85 86 86 86 86 86 87 87 87 87 87 87 87 86 86 86 86 86 86 86 85 85 85 85 85 85 85 86 86 87 88 89 89 90 91 92 92 93 93 93 93 93 92 91 90 88 90
76 75 75 75 74 74 73 73 73 73 73 73 73 73 73 73 73 74 74 74 74 74 74 75 75 75 76 76 77 77 77 78 78 79 79 80 80 80 81 81 82 82 82 83 83 84 84 84 85 85 86 86 86 86 86 86 87 87 87 87 87 86 86 86 86 86 85 85 85 85 85 85 85 85 85 85 86 86 87 88 88 89 90 91 91 92 93 93 93 92 92 92 90 91 91 88
76 75 75 75 74 74 73 73 73 73 73 73 73 73 73 73 73 73 73 74 74 74 74 74 75 75 75 76 76 77 77 78 78 78 79 79 80 80 80 81 81 82 82 82 83 83 84 84 85 85 85 86 86 86 86 86 86 86 87 87 86 86 86 86 85 85 85 85 85 85 85 85 85 85 85 85 86 86 87 87 88 89 90 90 91 92 92 93 93 93 89 90 91 91 91 87
75 75 75 75 74 74 73 73 73 73 73 73 73 73 73 73 73 73 73 73 73 74 74 74 74 75 75 76 76 77 77 77 78 78 78 79 79 80 80 80 81 81 82 82 83 83 83 84 84 85 85 85 85 85 86 86 86 86 86 86 86 86 86 85 85 85 85 85 85 85 84 84 84 85 85 85 85 86 86 87 88 89 89 90 91 92 92 93 93 93 91 89 90 90 91 90
75 75 75 75 74 74 74 73 73 73 73 73 73 73 73 73 73 73 73 73 73 73 74 74 74 74 75 75 76 76 77 77 77 78 78 79 79 79 80 80 81 81 81 82 82 83 83 84 84 84 85 85 85 85 85 85 86 86 86 86 86 85 85 85 85 85 85 84 84 84 84 84 84 84 84 85 85 86 86 87 88 89 89 90 91 91 92 93 93 93 91 86 86 90 89 88
75 75 75 75 74 74 74 74 73 73 73 73 73 73 73 73 73 73 73 73 73 73 73 74 74 74 75 75 76 76 76 77 77 78 78 78 79 79 79 80 80 81 81 82 82 82 83 83 84 84 84 84 85 85 85 85 85 85 85 85 85 85 85 85 85 84 84 84 84 84 84 84 84 84 84 84 85 85 86 87 88 88 89 90 91 91 92 93 93 93 91 90 87 87 90 90
75 75 75 75 74 74 74 74 73 73 73 73 73 73 73 73 73 73 73 73 73 73 73 73 74 74 75 75 75 76 76 76 77 77 78 78 78 79 79 79 80 80 81 81 82 82 82 83 83 83 84 84 84 84 84 84 84 85 85 85 85 85 85 84 84 84 84 84 84 83 83 83 83 83 84 84 85 85 86 86 87 88 89 90 90 91 92 92 92 93 93 93 91 89 89 89
75 75 75 75 74 74 74 74 74 73 73 73 73 72 73 73 72 72 73 73 73 73 73 73 74 74 74 75 75 76 76 76 77 77 77 78 78 78 79 79 80 80 81 81 81 82 81 82 83 83 83 83 84 84 84 84 84 84 84 84 84 84 84 84 84 84 84 83 83 83 83 83 83 83 83 84 84 85 85 86 87 88 88 89 90 91 91 92 92 93 93 92 92 90 88 87
75 75 75 75 74 74 74 74 74 74 73 73 73 73 72 72 72 72 72 72 72 72 72 73 73 74 74 75 75 75 76 76 76 77 77 77 78 78 79 79 79 80 80 80 81 81 81 81 82 83 83 83 83 83 84 84 84 84 84 84 84 84 84 84 84 84 83 83 83 83 83 82 82 82 83 83 84 84 85 86 87 87 88 89 89 90 91 91 91 92 92 93 92 90 90 90
75 75 75 75 74 74 74 74 74 74 73 73 73 73 72 72 72 72 72 72 72 72 72 73 73 73 74 74 75 75 75 76 76 77 77 77 78 78 78 79 79 79 80 80 80 81 81 81 82 82 82 83 83 83 83 83 83 83 84 84 84 84 84 84 83 83 83 83 83 82 82 82 82 82 82 83 83 84 85 86 86 87 88 88 89 90 90 91 91 92 92 92 92 91 91 91
75 75 75 75 74 74 74 74 74 74 74 73 73 73 73 72 72 72 72 72 72 72 72 73 73 73 74 74 74 75 75 76 76 76 77 77 77 78 78 78 79 79 79 80 80 80 81 81 81 81 82 82 82 83 83 83 83 83 83 83 84 84 83 83 83 83 83 83 83 82 82 82 81 81 81 82 83 84 84 85 86 87 88 88 89 89 89 90 91 91 92 92 92 92 91 91
75 75 75 75 74 74 74 74 74 74 74 73 73 73 73 72 72 72 72 72 72 72 72 73 73 73 74 74 74 75 75 75 76 76 76 77 77 77 78 78 78 79 79 79 80 80 80 81 81 81 81 82 81 82 82 83 83 83 83 83 83 83 83 83 83 83 83 83 82 82 82 81 81 81 81 81 82 83 84 85 86 87 87 87 88 89 89 90 91 91 91 91 92 92 92 91
