MUSICEvapDataQueryTool/BOMEvapData/etapnov.txt
ncols         417
nrows         337
xllcorner     112.15
yllcorner     -43.8
cellsize      0.1
NODATA_value  -9999
[rows 84 to 125 of 337, columns 0 to 93 of 417]
196 196 196 196 196 196 196 196 196 197 197 197 197 197 197 197 197 198 198 198 198 198 198 198 199 199 199 199 199 199 199 200 200 200 200 200 200 201 201 201 201 201 202 202 202 202 202 202 203 203 203 203 203 204 204 204 204 204 205 205 205 205 205 206 206 206 206 206 206 207 207 207 207 207 207 207 208 208 208 208 208 208 208 208 208 208 208 208 208 208 208 208 208 208
195 195 195 196 196 196 196 196 196 196 196 196 197 197 197 197 197 197 197 198 198 198 198 198 198 198 199 199 199 199 199 199 199 200 200 200 200 200 200 201 201 201 201 201 202 202 202 202 202 202 203 203 203 203 203 204 204 204 204 204 205 205 205 205 205 206 206 206 206 206 207 207 207 207 207 207 207 207 208 208 208 208 208 208 208 208 208 208 208 208 208 208 208 208
195 195 195 195 195 195 196 196 196 196 196 196 196 196 197 197 197 197 197 197 197 197 198 198 198 198 198 198 198 199 199 199 199 199 199 200 200 200 200 200 200 201 201 201 201 201 202 202 202 202 202 203 203 203 203 203 204 204 204 204 204 205 205 205 205 205 206 206 206 206 206 206 207 207 207 207 207 207 207 207 207 208 208 208 208 208 208 208 208 208 208 208 208 208
195 195 195 195 195 195 195 195 195 196 196 196 196 196 196 196 196 197 197 197 197 197 197 197 198 198 198 198 198 198 198 199 199 199 199 199 199 200 200 200 200 200 201 201 201 201 201 201 202 202 202 202 202 203 203 203 203 203 204 204 204 204 205 205 205 205 205 206 206 206 206 206 206 207 207 207 207 207 207 207 207 207 207 207 207 207 207 207 207 207 207 207 207 207
194 194 194 195 195 195 195 195 195 195 195 195 196 196 196 196 196 196 196 196 197 197 197 197 197 197 197 198 198 198 198 198 198 199 199 199 199 199 199 200 200 200 200 200 201 201 201 201 201 202 202 202 202 202 203 203 203 203 203 204 204 204 204 204 205 205 205 205 205 206 206 206 206 206 206 207 207 207 207 207 207 207 207 207 207 207 207 207 207 207 207 207 207 206
194 194 194 194 194 194 195 195 195 195 195 195 195 195 195 196 196 196 196 196 196 196 197 197 197 197 197 197 197 198 198 198 198 198 198 199 199 199 199 199 199 200 200 200 200 200 201 201 201 201 201 202 202 202 202 202 203 203 203 203 204 204 204 204 204 205 205 205 205 205 206 206 206 206 206 206 206 207 207 207 207 207 207 207 207 207 207 207 207 207 207 207 207 206
194 194 194 194 194 194 194 194 194 195 195 195 195 195 195 195 195 196 196 196 196 196 196 196 196 197 197 197 197 197 197 198 198 198 198 198 198 199 199 199 199 199 199 200 200 200 200 200 201 201 201 201 201 202 202 202 202 203 203 203 203 203 204 204 204 204 205 205 205 205 205 206 206 206 206 206 206 206 206 207 207 207 207 207 207 207 207 207 207 207 207 207 206 206
193 193 193 194 194 194 194 194 194 194 194 194 195 195 195 195 195 195 195 195 196 196 196 196 196 196 196 197 197 197 197 197 197 198 198 198 198 198 198 199 199 199 199 199 200 200 200 200 200 200 201 201 201 201 202 202 202 202 202 203 203 203 203 204 204 204 204 204 205 205 205 205 205 206 206 206 206 206 206 206 206 207 207 207 207 207 207 207 207 206 206 206 205 205
193 193 193 193 193 193 194 194 194 194 194 194 194 194 194 195 195 195 195 195 195 195 196 196 196 196 196 196 196 197 197 197 197 197 197 198 198 198 198 198 198 199 199 199 199 199 200 200 200 200 200 201 201 201 201 201 202 202 202 202 203 203 203 203 204 204 204 204 204 205 205 205 205 205 206 206 206 206 206 206 206 206 206 206 206 206 206 206 206 206 205 205 205 205
193 193 193 193 193 193 193 193 193 194 194 194 194 194 194 194 194 194 195 195 195 195 195 195 195 196 196 196 196 196 196 197 197 197 197 197 197 198 198 198 198 198 198 199 199 199 199 199 200 200 200 200 200 201 201 201 201 202 202 202 202 203 203 203 203 204 204 204 204 204 205 205 205 205 205 206 206 206 206 206 206 206 206 206 206 206 206 206 206 205 205 205 205 204
192 192 192 193 193 193 193 193 193 193 193 193 194 194 194 194 194 194 194 194 195 195 195 195 195 195 195 196 196 196 196 196 196 196 197 197 197 197 197 197 198 198 198 198 198 199 199 199 199 199 200 200 200 200 201 201 201 201 201 202 202 202 202 203 203 203 203 204 204 204 204 205 205 205 205 205 205 206 206 206 206 206 206 206 206 206 205 205 205 205 205 205 204 204
192 192 192 192 192 192 192 193 193 193 193 193 193 193 193 194 194 194 194 194 194 194 194 195 195 195 195 195 195 195 196 196 196 196 196 196 197 197 197 197 197 197 198 198 198 198 198 199 199 199 199 199 200 200 200 200 201 201 201 201 202 202 202 202 203 203 203 203 204 204 204 204 205 205 205 205 205 205 206 206 206 206 206 205 205 205 205 205 205 205 205 204 204 204
192 192 192 192 192 192 192 192 192 192 193 193 193 193 193 193 193 193 194 194 194 194 194 194 194 194 195 195 195 195 195 195 196 196 196 196 196 196 197 197 197 197 197 197 198 198 198 198 198 199 199 199 199 200 200 200 200 201 201 201 201 202 202 202 202 203 203 203 203 204 204 204 204 205 205 205 205 205 205 205 205 205 205 205 205 204 204 204 204 204 204 204 204 203
191 191 191 192 192 192 192 192 192 192 192 192 192 193 193 193 193 193 193 193 193 194 194 194 194 194 194 194 195 195 195 195 195 195 196 196 196 196 196 196 197 197 197 197 197 197 198 198 198 198 199 199 199 199 199 200 200 200 200 201 201 201 201 202 202 202 203 203 203 203 203 203 203 204 205 204 204 204 204 204 204 204 204 204 204 204 204 204 204 203 203 203 203 203
191 191 191 191 191 191 191 192 192 192 192 192 192 192 192 192 193 193 193 193 193 193 193 193 194 194 194 194 194 194 194 195 195 195 195 195 195 196 196 196 196 196 197 197 197 197 197 198 198 198 198 198 199 199 199 199 200 200 200 200 201 201 201 201 202 202 202 203 202 202 203 203 203 203 204 204 204 204 204 204 204 204 204 204 204 204 203 203 203 203 203 203 202 202
191 191 191 191 191 191 191 191 191 191 192 192 192 192 192 192 192 192 192 193 193 193 193 193 193 193 194 194 194 194 194 194 194 195 195 195 195 195 195 196 196 196 196 196 197 197 197 197 197 198 198 198 198 198 199 199 199 199 200 200 200 200 201 201 201 202 202 202 202 202 202 203 203 203 203 203 203 203 204 204 204 203 203 203 203 203 203 203 202 202 202 202 202 202
190 190 190 190 191 191 191 191 191 191 191 191 191 191 192 192 192 192 192 192 192 192 193 193 193 193 193 193 193 194 194 194 194 194 194 195 195 195 195 195 195 196 196 196 196 196 197 197 197 197 197 198 198 198 198 198 199 199 199 199 200 200 200 201 200 201 201 201 201 202 202 202 202 203 203 203 203 203 203 203 203 203 203 203 203 202 202 202 202 202 202 202 201 201
190 190 190 190 190 190 190 190 191 191 191 191 191 191 191 191 191 192 192 192 192 192 192 192 192 193 193 193 193 193 193 194 194 194 194 194 194 194 195 195 195 195 195 196 196 196 196 195 197 197 197 197 197 198 198 198 198 199 199 198 199 199 199 199 200 200 200 201 201 201 202 202 202 202 202 203 203 203 203 203 203 203 202 202 202 202 202 201 201 201 201 201 201 201
190 190 190 190 190 190 190 190 190 190 190 191 191 191 191 191 191 191 191 191 192 192 192 192 192 192 192 193 193 193 193 193 193 193 194 194 194 194 194 194 195 195 195 195 194 194 196 196 196 196 196 197 197 197 197 198 198 198 198 198 198 198 199 199 199 200 200 200 201 201 201 202 202 202 203 203 203 203 203 202 202 202 202 202 201 201 201 201 201 200 200 200 200 200
189 189 189 189 190 190 190 190 190 190 190 190 190 190 190 191 191 191 191 191 191 191 191 192 192 192 192 192 192 192 193 193 193 193 193 193 194 194 194 194 194 194 195 194 194 195 195 195 196 196 195 196 196 197 197 196 197 197 197 197 198 198 198 198 199 199 199 200 200 201 201 201 202 202 203 203 203 203 203 203 202 202 202 202 201 201 201 201 200 200 200 200 199 199
189 189 189 189 189 189 189 189 189 190 190 190 190 190 190 190 190 190 191 191 191 191 191 191 191 191 192 192 192 192 192 192 193 193 193 193 193 193 193 194 194 194 194 194 194 194 194 195 194 194 195 196 196 196 196 195 196 196 197 197 197 197 198 198 198 198 199 199 200 200 201 201 202 202 202 203 203 203 203 203 203 202 202 202 201 201 201 200 200 200 200 199 199 199
188 189 189 189 189 189 189 189 189 189 189 189 190 190 190 190 190 190 190 190 190 191 191 191 191 191 191 191 192 192 192 192 191 192 192 193 193 193 193 193 193 194 194 193 193 193 193 194 194 194 194 195 195 195 195 195 195 196 196 196 196 197 197 197 198 198 198 198 199 200 200 201 201 202 202 203 203 203 203 202 202 202 202 201 201 201 201 200 200 200 199 199 199 199
188 188 188 188 188 189 189 189 189 189 189 189 189 189 189 189 190 190 190 190 190 190 190 190 191 191 191 191 191 191 191 192 192 192 192 192 192 193 193 193 192 192 192 193 193 193 193 193 193 193 194 194 194 194 195 195 194 195 195 196 196 196 196 197 197 197 198 198 198 199 200 201 201 202 202 203 203 202 202 202 201 201 201 201 200 200 200 200 199 199 199 198 198 198
188 188 188 188 188 188 188 188 188 188 189 189 189 189 189 189 189 189 189 190 190 190 190 190 190 190 190 191 191 191 191 191 191 191 192 192 192 192 192 192 192 192 192 192 192 192 192 192 193 193 193 193 194 194 194 194 194 194 195 195 195 195 195 196 196 196 197 197 198 199 199 200 201 201 202 202 203 202 202 201 201 201 200 200 200 200 199 199 198 198 198 198 198 197
187 188 188 188 188 188 188 188 188 188 188 188 188 188 189 189 189 189 189 189 189 189 189 190 190 190 190 190 190 190 191 191 191 191 191 191 192 191 191 191 191 191 191 191 191 192 192 192 192 192 192 192 193 193 193 194 193 194 194 194 194 194 195 195 195 196 196 196 197 198 198 199 200 200 200 202 202 202 202 201 200 200 199 199 199 199 199 199 198 197 197 197 197 197
187 187 187 187 187 187 188 188 188 188 188 188 188 188 188 188 188 188 189 189 189 189 189 189 189 190 190 190 190 190 190 190 191 191 191 191 191 191 191 191 190 190 190 190 191 191 191 191 191 192 191 191 192 192 192 193 193 193 193 193 193 193 194 194 194 195 195 195 195 196 197 198 199 200 200 202 202 202 201 200 199 199 199 199 198 198 198 198 198 197 197 197 197 197
187 187 187 187 187 187 187 187 187 187 187 188 188 188 188 188 188 188 188 188 188 189 189 189 189 189 189 189 190 190 190 190 190 190 190 191 190 190 190 190 190 190 190 189 189 190 190 190 190 190 190 191 191 191 191 192 192 192 192 192 192 193 193 193 193 194 194 194 194 196 197 197 197 198 200 201 201 200 200 199 198 198 198 197 197 197 197 197 197 196 196 196 196 196
186 186 187 187 187 187 187 187 187 187 187 187 187 187 187 187 188 188 188 188 188 188 188 188 189 189 189 189 189 189 189 190 190 190 189 189 190 190 190 190 190 190 190 190 189 189 189 189 189 189 190 190 190 190 190 191 191 192 191 191 191 192 192 192 192 193 193 193 193 193 195 197 197 197 198 200 199 199 198 198 197 197 197 195 196 196 196 196 196 196 195 195 195 196
186 186 186 186 186 186 186 186 187 187 187 187 187 187 187 187 187 187 187 188 188 188 188 188 188 188 188 189 189 189 189 189 189 189 189 189 189 189 189 189 189 189 189 189 189 189 189 189 189 189 189 189 189 189 190 189 190 191 190 190 190 191 192 192 192 192 192 192 192 192 193 195 196 196 195 198 198 197 196 196 196 196 195 195 195 195 195 195 195 195 194 194 195 195
186 186 186 186 186 186 186 186 186 186 186 186 186 187 187 187 187 187 187 187 187 187 187 188 188 188 188 188 188 188 188 188 188 188 188 188 189 189 188 188 188 188 188 188 188 188 188 188 188 188 188 188 188 189 188 188 189 189 189 188 189 190 191 191 191 191 191 191 191 191 192 193 194 194 194 195 195 195 194 194 194 194 194 194 194 194 194 194 194 194 194 194 194 194
185 185 185 186 186 186 186 186 186 186 186 186 186 186 186 186 186 186 187 187 187 186 187 187 187 187 188 187 187 187 187 188 188 188 188 188 188 188 188 188 188 188 188 188 187 187 187 188 188 188 188 188 188 188 187 187 188 189 188 187 188 189 189 189 190 190 190 190 190 190 191 192 192 192 192 193 193 192 192 192 192 193 193 192 192 193 193 193 193 194 194 193 193 193
185 185 185 185 185 185 185 185 185 185 186 186 186 186 186 186 186 186 186 185 186 187 187 187 187 187 186 187 187 187 187 187 187 187 187 187 187 187 188 188 187 187 187 187 187 187 187 186 186 187 187 188 188 187 187 187 187 188 187 187 187 188 188 188 188 189 189 189 188 188 189 190 191 191 190 191 191 190 190 191 191 191 191 191 191 192 192 192 193 193 193 192 192 193
185 185 185 185 185 185 185 185 185 185 185 185 185 185 185 185 186 186 185 185 186 186 186 186 187 186 186 186 186 186 187 187 187 187 187 187 187 187 187 186 186 187 187 187 186 186 186 186 186 185 186 185 187 187 187 187 187 187 187 187 186 187 186 186 187 187 187 187 187 187 187 189 189 189 189 189 189 188 189 189 189 190 190 190 190 191 191 192 192 192 192 192 191 192
184 184 184 184 184 184 185 185 185 185 185 185 185 185 185 185 185 185 184 185 186 186 186 186 186 185 186 186 186 186 186 186 186 186 186 186 186 186 187 186 186 185 185 186 185 186 186 185 185 185 184 184 185 185 186 185 184 186 186 186 186 186 185 185 186 185 185 185 185 185 186 187 188 188 188 188 188 188 188 187 188 188 188 189 189 190 190 191 191 191 191 191 191 191
184 184 184 184 184 184 184 184 184 184 184 184 184 185 185 185 185 183 183 184 185 185 185 186 185 185 185 185 185 186 186 186 186 186 186 186 186 186 186 186 186 185 184 184 184 185 184 185 185 184 184 184 184 185 185 184 184 185 186 186 186 185 185 185 185 184 184 184 184 184 185 186 187 187 187 187 187 187 187 187 187 187 187 188 189 189 189 189 190 190 190 190 190 190
184 184 184 184 184 184 184 184 184 184 184 184 184 184 184 184 184 183 183 184 185 185 185 184 184 185 185 185 185 185 185 185 185 185 186 186 185 186 186 186 185 185 184 183 183 183 184 184 184 183 183 183 182 183 183 183 183 183 185 185 185 185 185 185 185 184 184 183 183 184 184 185 185 186 186 186 186 186 186 186 186 187 187 188 188 188 188 189 189 190 189 190 189 190
183 183 183 183 183 183 183 183 183 183 184 184 184 184 184 184 184 182 183 183 184 184 185 184 184 184 184 184 185 185 185 185 185 184 185 185 185 185 185 185 185 185 183 183 184 182 183 183 184 184 183 183 182 182 183 183 183 183 182 181 184 184 184 184 184 184 184 184 184 184 184 184 185 185 185 186 185 186 185 186 186 186 187 187 188 188 188 188 189 189 189 189 189 189
183 183 183 183 183 183 183 183 183 183 183 183 183 183 183 183 182 182 183 183 184 184 184 184 184 184 184 184 184 184 184 184 184 184 184 185 185 185 185 185 185 185 184 183 184 184 183 184 184 184 183 183 183 183 183 183 183 183 180 181 182 182 182 182 183 184 184 184 184 184 184 185 185 185 185 185 185 185 185 186 186 186 186 187 187 187 187 188 188 188 188 188 188 188
183 183 183 183 183 183 183 183 183 183 183 183 183 183 183 182 181 182 182 183 183 183 183 183 183 183 183 184 184 184 184 184 184 184 184 184 184 185 185 185 184 184 184 184 184 183 183 183 183 183 182 182 181 183 183 182 182 182 179 181 181 181 182 181 182 181 182 183 184 184 184 185 185 185 185 186 186 185 185 185 185 185 186 186 186 186 187 187 187 187 188 188 187 187
182 182 182 182 182 182 182 182 182 182 182 182 182 182 182 181 181 181 182 182 182 182 183 183 183 183 183 183 183 183 183 184 184 184 184 184 184 184 184 184 184 184 183 183 183 183 183 182 183 183 183 182 183 182 182 182 181 182 181 181 180 180 181 181 181 181 181 181 182 183 184 184 185 185 185 185 186 186 185 185 185 185 185 185 186 186 186 186 187 187 187 187 187 187
182 182 182 182 182 182 182 182 182 182 182 182 182 182 182 181 181 181 181 181 181 182 182 182 182 182 182 183 183 183 183 183 183 182 184 184 184 184 184 184 184 184 184 184 182 183 183 183 181 182 183 183 182 183 182 181 181 180 180 181 181 181 181 180 181 181 182 182 182 182 182 184 184 185 185 185 185 185 185 185 185 185 185 185 185 185 186 186 186 186 187 186 186 186
182 182 182 182 182 182 182 182 181 181 182 182 182 182 182 182 181 181 181 181 181 181 181 182 182 182 182 182 182 182 182 183 183 183 183 183 183 183 183 184 184 183 184 184 182 182 182 181 182 182 183 183 183 182 181 181 181 181 181 181 181 181 180 180 180 181 181 181 182 182 183 184 184 185 185 185 185 185 185 185 185 185 185 185 185 185 185 185 186 186 186 186 186 186
