MUSICEvapDataQueryTool/BOMEvapData/etapjul.txt
ncols         417
nrows         337
xllcorner     112.15
yllcorner     -43.8
cellsize      0.1
NODATA_value  -9999
[rows 165 to 219 of 337, columns 0 to 95 of 417]
64 63 63 63 63 62 62 62 61 61 61 60 60 59 59 58 58 57 57 56 56 56 56 56 56 56 56 56 56 55 55 55 55 55 55 55 55 54 54 54 54 54 54 53 53 53 53 53 53 53 52 52 52 52 52 52 52 52 52 52 52 52 52 52 52 53 53 53 53 53 54 54 54 54 54 54 54 55 55 54 54 54 54 54 53 53 53 52 52 52 51 51 50 50 50 50
63 63 63 63 63 62 62 62 61 61 61 60 60 59 59 58 58 57 57 57 56 56 56 56 56 56 56 56 56 56 55 55 55 55 55 55 55 54 54 54 54 53 53 53 53 53 53 52 52 52 52 52 52 52 52 52 52 52 52 52 52 52 52 52 52 52 52 53 53 53 53 54 54 54 54 54 54 55 55 55 54 54 54 54 53 53 53 52 52 51 51 51 51 50 50 50
63 63 63 63 62 62 62 62 61 61 60 60 60 59 59 58 58 58 57 57 57 56 56 56 56 56 56 56 56 56 55 55 55 55 55 55 54 54 54 54 53 53 53 53 53 52 52 52 52 52 52 52 52 52 51 52 51 51 51 51 51 51 52 52 52 52 52 52 53 53 53 53 54 54 54 54 55 55 55 55 55 54 54 54 53 53 53 52 52 51 51 51 50 50 50 50
63 63 63 62 62 62 62 61 61 61 60 60 60 59 59 58 58 58 57 57 57 57 57 56 56 56 56 56 56 56 56 55 55 55 55 55 54 54 54 54 53 53 53 53 52 52 52 52 52 52 51 51 51 51 51 51 51 51 51 51 51 51 51 51 52 52 52 52 52 53 53 53 53 54 54 54 54 55 55 55 55 54 54 54 53 53 52 52 52 51 51 51 50 50 50 50
63 63 63 62 62 62 62 61 61 61 60 60 60 59 59 58 58 58 58 57 57 57 57 57 56 56 56 56 56 56 56 55 55 55 55 55 54 54 54 53 53 53 53 52 52 52 52 52 51 51 51 51 51 51 51 51 51 51 51 51 51 51 51 51 51 51 52 52 52 52 53 53 53 54 54 54 54 55 55 55 55 54 54 54 53 53 52 52 52 51 51 51 50 50 50 50
63 63 62 62 62 62 61 61 61 61 60 60 60 59 59 59 58 58 58 58 58 57 57 57 57 57 56 56 56 56 56 55 55 55 55 55 54 54 53 53 53 53 52 52 52 52 51 51 51 51 51 50 50 50 50 50 50 50 50 50 50 50 51 51 51 51 51 51 52 52 52 53 53 53 54 54 54 55 55 55 55 54 54 54 53 53 52 52 51 51 51 50 50 50 50 50
63 63 62 62 62 62 61 61 61 61 60 60 60 59 59 59 58 58 58 58 58 58 57 57 57 57 57 57 56 56 56 56 55 55 55 54 54 54 53 53 53 52 52 52 51 51 51 51 51 50 50 50 50 50 50 50 50 50 50 50 50 50 50 50 50 51 51 51 51 52 52 52 52 53 53 54 54 54 55 55 55 54 54 53 53 52 52 52 51 51 50 50 50 50 50 49
63 62 62 62 62 62 61 61 61 61 60 60 60 59 59 59 59 58 58 58 58 58 58 57 57 57 57 57 56 56 56 56 55 55 55 54 54 54 53 53 52 52 52 51 51 51 51 50 50 50 50 50 50 49 49 49 49 49 49 49 49 50 50 50 50 50 50 51 51 51 51 52 52 52 53 53 53 54 54 54 54 54 53 53 52 52 52 51 51 51 50 50 50 50 49 49
63 62 62 62 62 61 61 61 61 61 60 60 60 59 59 59 59 58 58 58 58 58 58 58 58 57 57 57 57 56 56 56 55 55 55 54 54 53 53 53 52 52 52 51 51 51 50 50 50 50 49 49 49 49 49 49 49 49 49 49 49 49 49 49 50 50 50 50 50 51 51 51 52 52 52 52 53 53 53 53 53 53 53 52 52 52 51 51 51 50 50 50 50 49 49 49
62 62 62 62 62 61 61 61 61 61 60 60 60 60 59 59 59 59 58 58 58 58 58 58 58 58 57 57 57 57 56 56 56 55 55 54 54 53 53 52 52 52 51 51 51 50 50 50 49 49 49 49 49 48 48 48 48 48 48 48 48 48 49 49 49 49 49 50 50 50 50 51 51 51 52 52 52 52 52 53 53 52 52 52 51 51 51 50 50 50 50 49 49 49 49 49
62 62 62 62 62 61 61 61 61 61 60 60 60 60 59 59 59 59 59 59 59 59 58 58 58 58 58 57 57 57 56 56 56 55 55 54 54 53 53 52 52 51 51 51 50 50 50 49 49 49 48 48 48 48 48 48 48 48 48 48 48 48 48 48 48 49 49 49 49 50 50 50 50 51 51 51 51 52 52 52 52 52 51 51 51 51 50 50 50 50 49 49 49 49 49 49
62 62 62 62 61 61 61 61 61 61 60 60 60 60 59 59 59 59 59 59 59 59 59 59 58 58 58 58 57 57 57 56 56 55 55 54 54 53 52 52 52 51 51 50 50 49 49 49 49 48 48 48 48 47 47 47 47 47 47 47 47 47 48 48 48 48 48 49 49 49 49 50 50 50 50 51 51 51 51 51 51 51 51 50 50 50 50 50 49 49 49 49 49 49 48 48
62 62 62 62 61 61 61 61 61 60 60 60 60 60 60 59 59 59 59 59 59 59 59 59 59 58 58 58 58 57 57 56 56 55 55 54 53 53 52 52 51 51 50 50 49 49 49 48 48 48 47 47 47 47 47 47 47 47 47 47 47 47 47 47 47 48 48 48 48 49 49 49 49 49 50 50 50 50 50 50 50 50 50 50 50 49 49 49 49 49 49 48 48 48 48 48
62 62 62 62 61 61 61 61 61 60 60 60 60 60 60 59 59 59 59 59 59 59 59 59 59 59 58 58 58 57 57 56 56 55 55 54 53 53 52 51 51 50 50 49 49 48 48 48 47 47 47 47 46 46 46 46 46 46 46 46 46 46 47 47 47 47 47 48 48 48 48 48 49 49 49 49 49 49 49 49 49 49 49 49 49 49 49 49 48 48 48 48 48 48 48 48
62 62 62 61 61 61 61 61 61 60 60 60 60 60 60 59 59 59 59 59 59 59 59 59 59 59 59 58 58 57 57 56 56 55 54 54 53 52 52 51 50 50 49 49 48 48 48 47 47 47 46 46 46 46 45 45 45 45 46 46 46 46 46 46 46 47 47 47 47 47 48 48 48 48 48 48 48 48 49 49 49 49 48 48 48 48 48 48 48 48 48 48 47 48 48 47
62 62 61 61 61 61 61 61 61 60 60 60 60 60 60 60 59 59 59 59 59 59 59 59 59 59 59 58 58 57 57 56 56 55 54 54 53 52 51 50 50 49 49 48 48 47 47 47 46 46 46 45 45 45 45 45 45 45 45 45 45 45 45 46 46 46 46 46 47 47 47 47 47 47 48 48 48 48 48 48 48 48 48 48 48 47 47 47 47 47 47 47 47 47 47 47
62 62 61 61 61 61 61 61 61 60 60 60 60 60 60 60 59 59 59 59 59 59 59 59 59 59 59 58 58 57 57 56 56 55 54 53 52 51 51 50 49 49 48 48 47 47 46 46 45 45 45 45 45 44 44 44 44 44 44 44 45 45 45 45 45 45 46 46 46 46 46 46 47 47 47 47 47 47 47 47 47 47 47 47 47 47 47 47 47 47 47 47 47 47 47 47
62 61 61 61 61 61 61 61 60 60 60 60 60 60 60 59 59 59 59 59 59 59 59 58 59 59 59 58 58 57 57 56 55 55 54 53 52 51 50 49 49 48 47 47 46 46 46 45 45 44 44 44 44 44 44 44 44 44 44 44 44 44 44 45 45 45 45 45 45 46 46 46 46 46 46 46 46 46 46 46 46 46 46 46 46 46 46 46 46 46 46 46 46 46 46 47
61 61 61 61 61 61 61 61 60 60 60 60 60 60 60 59 59 59 59 59 59 59 59 58 59 59 59 58 58 57 56 56 55 55 54 52 51 50 49 49 48 47 46 46 46 45 45 44 44 44 44 43 43 43 43 43 43 43 43 43 43 44 44 44 44 44 45 45 45 45 45 45 45 45 46 46 46 46 46 46 46 46 46 46 45 45 45 45 45 45 45 45 46 46 46 46
61 61 61 61 61 61 61 60 60 60 60 60 60 60 60 59 59 59 59 59 59 59 58 58 59 59 58 58 57 56 56 55 54 54 53 51 50 49 48 48 47 46 46 45 45 44 44 44 43 43 43 43 42 42 42 42 42 42 43 43 43 43 43 44 44 44 44 44 44 44 45 45 45 45 45 45 45 45 45 45 45 45 45 45 45 45 45 45 45 45 45 45 45 45 45 46
61 61 61 61 61 61 61 60 60 60 60 60 60 60 59 59 59 59 59 59 58 58 58 58 58 58 58 57 56 55 55 54 53 52 51 50 49 48 47 47 46 45 45 44 44 44 43 43 43 42 42 42 42 42 41 42 42 42 42 42 42 42 43 43 43 43 44 44 44 44 44 44 44 44 44 44 44 45 44 44 44 44 44 44 44 44 44 44 44 44 44 44 44 45 45 45
61 61 61 61 61 61 60 60 60 60 60 60 60 60 59 59 59 59 59 58 58 58 58 57 57 57 57 56 55 55 54 53 52 51 50 49 48 47 46 46 45 44 44 44 43 43 43 42 42 42 41 41 41 41 41 41 41 41 41 42 42 42 42 43 43 43 43 43 43 43 44 44 44 44 44 44 44 44 44 44 44 44 43 43 43 43 43 43 43 43 43 44 44 44 44 45
61 61 61 61 61 60 60 60 60 60 60 60 60 59 59 59 59 59 59 58 58 58 57 57 57 56 56 55 55 54 53 52 51 50 49 48 47 46 45 45 44 43 43 43 42 42 42 42 41 41 41 40 40 40 40 40 40 41 41 41 41 41 42 42 42 43 43 43 43 43 43 43 43 43 43 43 43 43 43 43 43 43 43 43 43 43 43 43 43 43 43 43 43 43 44 44
61 61 61 61 61 60 60 60 60 60 60 60 59 59 59 59 59 59 58 58 58 57 57 57 56 56 55 54 54 53 52 51 49 48 47 47 46 45 44 43 43 42 42 42 42 41 41 41 41 40 40 40 40 39 39 40 40 40 40 40 41 41 41 42 42 42 42 42 42 43 43 43 43 43 43 43 43 43 43 43 42 42 42 42 42 42 42 42 42 42 42 42 42 43 43 43
61 61 61 61 60 60 60 60 60 60 60 60 59 59 59 59 59 58 58 58 58 57 57 56 56 55 54 54 53 52 51 49 48 47 46 46 45 44 43 42 42 41 41 41 41 41 40 40 40 40 39 39 39 39 39 39 39 39 40 40 40 41 41 41 42 42 42 42 42 42 42 42 42 42 42 42 42 42 42 42 42 42 42 41 41 41 41 41 41 41 41 42 42 42 42 43
61 61 61 60 60 60 60 60 60 60 60 59 59 59 59 59 59 58 58 58 57 57 57 56 55 55 54 53 52 51 50 49 47 46 45 45 44 43 42 41 41 41 40 40 40 40 40 40 39 39 39 39 39 38 38 38 38 39 39 40 40 40 41 41 41 41 41 42 42 42 42 42 42 42 42 42 42 42 42 41 41 41 41 41 41 40 40 40 40 40 41 41 41 41 42 42
61 60 60 60 60 60 60 60 60 60 59 59 59 59 59 59 58 58 58 58 57 57 56 56 55 54 54 53 52 51 50 48 47 46 45 44 43 42 41 41 40 40 40 40 39 39 39 39 39 39 39 39 38 38 38 38 38 39 39 39 40 40 40 41 41 41 41 41 42 42 42 42 42 42 41 41 41 41 41 41 41 40 40 40 40 40 40 39 39 40 40 40 40 41 41 42
60 60 60 60 60 60 60 60 60 60 59 59 59 59 59 58 58 58 58 57 57 57 56 56 55 54 53 52 52 50 49 48 47 46 45 43 42 41 41 40 40 39 39 39 39 39 39 39 39 39 39 39 38 38 38 38 38 39 39 39 40 40 40 40 41 41 41 41 41 41 41 41 41 41 41 41 41 41 41 40 40 40 40 39 39 39 39 39 39 39 39 39 40 40 41 41
60 60 60 60 60 60 60 60 60 59 59 59 59 59 59 58 58 58 58 57 57 56 56 55 55 54 53 52 51 50 49 48 47 46 45 43 42 41 40 40 39 39 39 39 39 39 38 38 38 38 38 38 38 38 38 38 38 39 39 39 40 40 40 40 41 41 41 41 41 41 41 41 41 41 41 41 41 40 40 40 40 39 39 39 39 38 38 38 38 38 38 39 39 39 40 40
60 60 60 60 60 60 60 60 59 59 59 59 59 59 59 58 58 58 57 57 57 56 56 55 55 54 53 52 51 50 49 49 47 46 45 43 42 41 40 40 39 39 39 39 38 38 38 38 38 38 38 38 38 38 38 38 39 39 39 39 40 40 40 40 40 41 41 41 41 41 41 41 41 41 41 40 40 40 40 40 39 39 39 39 38 38 38 37 37 37 38 38 38 39 39 40
60 60 60 60 60 60 60 59 59 59 59 59 59 59 58 58 58 58 57 57 57 56 56 55 55 54 53 52 52 51 49 49 48 46 45 43 42 40 40 39 39 39 38 38 38 38 38 38 38 38 38 38 38 38 39 39 39 39 39 39 40 40 40 40 40 41 41 41 41 41 41 41 41 40 40 40 40 40 39 39 39 39 38 38 38 37 37 37 36 37 37 37 38 38 39 39
60 60 60 60 60 60 59 59 59 59 59 59 59 59 58 58 58 58 57 57 57 56 56 55 55 54 53 52 52 51 50 49 48 47 45 43 42 41 40 39 39 39 38 38 38 38 38 38 38 38 39 39 39 39 39 39 39 39 40 40 40 40 40 40 41 41 41 41 41 41 41 41 40 40 40 40 40 39 39 39 39 38 38 38 37 37 37 36 36 36 37 37 37 38 38 39
60 60 60 60 60 59 59 59 59 59 59 59 59 58 58 58 58 58 57 57 57 56 56 55 55 54 53 53 52 51 50 50 49 47 45 44 42 41 40 40 39 39 39 38 38 38 38 38 38 39 39 39 39 39 39 39 39 40 40 40 40 40 40 40 41 41 41 41 41 41 41 41 40 40 40 40 39 39 39 39 38 38 38 38 37 37 37 36 36 36 36 37 37 37 38 38
60 60 60 59 59 59 59 59 59 59 59 59 59 58 58 58 58 58 57 57 57 56 56 55 55 54 54 53 52 52 51 50 49 47 46 44 43 42 41 40 40 39 39 38 38 38 38 38 39 39 39 39 39 40 40 40 40 40 40 40 40 41 41 41 41 41 41 41 41 40 40 40 40 40 40 39 39 39 39 38 38 38 38 37 37 37 36 36 36 36 36 36 37 37 37 38
60 59 59 59 59 59 59 59 59 59 59 59 58 58 58 58 58 57 57 57 57 56 56 56 55 55 54 53 53 52 51 50 49 47 46 45 43 42 41 41 40 39 39 39 38 38 38 39 39 39 40 40 40 40 40 40 41 41 41 41 41 41 41 41 41 41 41 41 40 40 40 40 40 40 40 39 39 39 39 38 38 38 37 37 37 36 36 36 36 36 36 36 37 37 37 37
59 59 59 59 59 59 59 59 59 59 59 58 58 58 58 58 58 57 57 57 57 56 56 56 55 55 54 54 53 52 51 50 49 48 46 45 44 43 42 41 40 40 39 39 39 38 39 39 40 40 40 40 40 41 41 41 41 41 41 41 41 41 41 41 41 41 41 41 40 40 40 40 40 40 40 39 39 39 38 38 38 38 37 37 37 36 36 36 36 36 36 36 36 36 37 37
59 59 59 59 59 59 59 59 59 59 59 58 58 58 58 58 58 57 57 57 57 56 56 56 55 55 55 54 53 53 52 51 49 48 47 46 44 43 42 41 41 40 40 40 39 39 40 40 40 41 41 41 41 41 41 41 42 42 42 42 41 41 41 41 41 41 41 41 40 40 40 40 40 40 40 39 39 39 38 38 38 37 37 37 37 36 36 36 36 36 36 36 36 36 36 37
59 59 59 59 59 59 59 59 59 59 58 58 58 58 58 58 58 57 57 57 57 56 56 56 56 55 55 54 54 53 52 51 50 49 47 46 45 43 43 42 42 41 41 41 40 40 41 41 41 42 42 42 42 42 42 42 42 42 42 42 42 42 42 41 41 41 41 41 41 40 40 40 40 40 39 39 39 39 38 38 38 37 37 37 37 36 36 36 36 36 36 35 36 36 36 36
59 59 59 59 59 59 59 59 58 58 58 58 58 58 58 58 58 57 57 57 57 57 56 56 56 55 55 54 54 53 52 51 50 49 48 46 45 44 43 43 42 42 42 42 42 42 42 42 43 43 43 43 43 43 43 43 43 43 43 42 42 42 42 41 41 41 41 41 41 40 40 40 40 40 39 39 39 39 38 38 38 37 37 37 37 36 36 36 35 35 35 35 35 35 36 36
59 59 59 59 59 59 59 58 58 58 58 58 58 58 58 58 58 57 57 57 57 57 56 56 56 55 55 55 54 53 53 52 51 50 48 47 46 45 43 43 43 44 43 44 44 44 44 44 44 44 44 43 43 43 43 43 43 43 43 43 42 42 42 42 42 41 41 41 41 40 40 40 40 40 39 39 39 39 38 38 38 37 37 37 37 36 36 36 35 35 35 35 35 35 35 36
59 59 59 59 58 58 58 58 58 58 58 58 58 58 58 58 58 57 57 57 57 57 56 56 56 56 55 55 54 53 53 52 51 50 49 48 47 46 45 45 45 45 45 45 45 45 45 45 45 45 44 44 44 44 44 44 44 44 43 43 43 42 42 42 42 41 41 41 41 41 40 40 40 40 39 39 39 38 38 38 38 37 37 37 37 36 36 36 35 35 35 35 35 35 35 36
58 58 58 58 58 58 58 58 58 58 58 58 58 58 58 58 57 57 57 57 57 57 57 56 56 56 55 55 54 54 53 53 52 51 50 49 48 47 47 46 46 46 46 46 47 47 47 46 46 46 45 45 45 45 45 44 44 44 44 43 43 42 42 42 42 42 41 41 41 41 40 40 40 40 39 39 39 39 38 38 38 37 37 37 37 36 36 36 35 35 35 35 35 35 35 35
58 58 58 58 58 58 58 58 58 58 58 58 58 58 58 58 57 57 57 57 57 57 57 56 56 56 56 55 55 54 54 53 53 52 51 50 50 49 48 48 48 48 48 48 48 48 48 47 47 46 46 46 45 45 45 45 45 44 44 43 43 43 42 42 42 42 41 41 41 41 41 40 40 40 39 39 39 39 38 38 38 37 37 37 37 36 36 36 35 35 35 35 35 35 35 35
58 58 58 58 58 58 58 58 58 58 58 58 58 58 58 57 57 57 57 57 57 57 57 56 56 56 56 55 55 55 54 54 53 53 52 52 51 50 50 50 50 49 49 49 49 48 48 48 47 47 47 46 46 46 45 45 45 44 44 43 43 43 42 42 42 42 42 41 41 41 41 40 40 40 40 39 39 39 38 38 38 37 37 37 36 36 36 36 35 35 35 35 35 35 35 35
58 58 58 58 58 58 58 58 58 58 58 58 58 58 57 57 57 57 57 57 57 57 57 57 56 56 56 56 55 55 55 54 54 54 53 53 53 52 52 51 51 51 50 50 50 49 49 48 48 48 47 47 47 46 46 45 45 44 44 43 43 43 42 42 42 42 42 42 41 41 41 41 40 40 40 39 39 39 39 38 38 37 37 37 37 36 36 36 35 35 35 35 35 35 35 35
58 58 58 58 58 58 58 58 58 58 58 58 57 57 57 57 57 57 57 57 57 57 57 57 57 56 56 56 56 56 55 55 55 55 54 54 54 54 53 53 53 52 52 51 51 50 49 49 48 48 47 47 47 46 46 45 45 44 44 43 43 43 42 42 42 42 42 42 42 41 41 41 41 40 40 40 39 39 39 38 38 38 37 37 37 36 36 36 35 35 35 35 35 35 35 35
58 58 58 58 58 58 58 57 57 57 57 57 57 57 57 57 57 57 57 57 57 57 57 57 57 57 56 56 56 56 56 56 55 55 56 55 55 55 55 55 54 54 53 52 51 50 50 49 49 48 48 47 47 46 46 45 45 44 44 43 43 43 43 42 42 42 42 42 42 41 41 41 41 41 40 40 40 39 39 38 38 38 37 37 37 36 36 36 36 35 35 35 35 35 35 35
57 57 57 57 57 57 57 57 57 57 57 57 57 57 57 57 57 57 57 57 57 57 57 57 57 57 57 57 57 56 56 56 56 56 57 57 57 56 56 56 56 55 54 53 52 51 50 49 49 48 48 47 46 46 46 45 45 44 43 43 43 43 43 42 42 42 42 42 42 42 42 41 41 41 40 40 40 39 39 39 38 38 38 37 37 36 36 36 36 35 35 35 35 35 35 35
57 57 57 57 57 57 57 57 57 57 57 57 57 57 57 57 57 57 57 57 57 57 57 57 57 57 57 57 57 57 57 57 57 57 57 58 58 58 58 57 57 56 55 54 52 51 50 50 49 48 47 47 46 46 45 45 44 44 43 43 43 43 43 43 42 43 42 42 42 42 42 42 41 41 41 40 40 40 39 39 38 38 38 37 37 37 36 36 36 35 35 35 35 35 35 35
57 57 57 57 57 57 57 57 57 57 57 57 57 57 57 57 57 57 57 57 57 57 57 57 57 57 57 57 57 57 57 57 57 58 58 59 59 59 59 59 58 58 57 56 53 51 50 49 49 48 47 47 46 46 45 45 44 44 43 43 43 42 43 43 43 43 43 43 42 42 42 42 42 41 41 40 40 40 39 39 39 38 38 37 37 37 36 36 36 35 35 35 35 35 35 35
57 57 57 57 57 57 57 57 57 57 57 57 57 57 57 57 57 57 57 57 57 57 57 57 57 57 57 57 57 57 57 58 58 58 58 59 60 60 60 60 59 59 58 57 54 52 51 50 49 48 47 47 46 45 45 44 44 44 43 43 43 42 42 43 43 43 43 43 43 43 43 42 42 41 41 41 40 40 39 39 39 38 38 38 37 37 36 36 36 35 35 35 35 35 35 35
57 57 57 57 57 57 57 57 57 57 57 57 57 57 57 57 57 57 57 57 57 57 57 57 57 57 57 57 57 57 58 58 58 58 59 59 60 61 61 60 60 59 59 58 56 53 51 50 49 48 47 47 46 45 45 44 44 43 43 43 43 43 43 43 43 43 43 43 43 43 43 42 42 42 41 41 41 40 40 39 39 39 38 38 37 37 36 36 36 36 35 35 35 35 35 35
56 56 56 56 56 56 56 56 56 56 56 56 56 56 56 56 56 56 56 56 57 57 57 57 57 57 57 57 57 57 58 58 58 59 59 59 60 60 61 60 60 59 58 57 56 53 51 50 49 48 47 46 45 45 45 44 43 43 43 42 42 42 43 43 43 43 43 44 44 43 43 43 42 42 42 41 41 40 40 39 39 39 38 38 37 37 37 36 36 36 35 35 35 35 35 35
56 56 56 56 56 56 56 56 56 56 56 56 56 56 56 56 56 56 56 56 56 56 56 57 57 57 57 57 57 57 58 58 58 59 59 59 60 60 60 60 60 59 58 57 55 53 51 49 49 48 47 46 45 45 44 44 43 43 42 42 42 42 42 43 43 43 44 44 44 44 44 43 43 42 42 41 41 40 40 40 39 39 38 38 38 37 37 36 36 36 35 35 35 35 35 34
56 56 56 56 56 56 56 56 56 56 56 56 56 56 56 56 56 56 56 56 56 56 56 56 56 57 57 57 57 57 57 58 58 58 59 59 60 60 60 60 59 59 58 56 55 53 51 49 48 47 46 46 45 45 44 44 43 43 42 42 42 42 42 43 43 44 44 44 44 44 44 44 43 43 42 42 41 41 40 40 39 39 39 38 38 37 37 37 36 36 35 35 35 35 35 34
