MUSICEvapDataQueryTool/BOMEvapData/etapfeb.txt
ncols         417
nrows         337
xllcorner     112.15
yllcorner     -43.8
cellsize      0.1
NODATA_value  -9999
[rows 84 to 125 of 337, columns 188 to 281 of 417]
154 154 155 155 156 156 156 156 157 157 156 156 156 157 157 156 156 156 157 157 157 157 156 157 156 156 156 156 156 156 155 156 156 156 156 155 155 155 155 154 154 153 153 152 152 151 151 150 149 148 149 150 151 152 153 154 155 156 156 158 159 159 160 161 162 162 164 165 166 167 168 169 169 170 171 172 173 173 173 173 174 175 175 175 175 175 175 176 175 175 175 175 175 174
154 155 155 155 156 156 156 156 157 157 157 156 156 156 157 156 157 157 157 157 157 157 157 157 157 156 156 156 156 156 156 156 156 156 156 156 155 155 155 154 154 153 153 152 152 151 150 150 149 148 149 150 151 152 153 154 155 156 156 157 159 160 161 161 162 163 164 165 166 167 168 169 170 170 171 172 172 173 172 173 174 174 175 175 175 175 175 175 175 175 175 175 174 174
155 155 155 156 156 156 156 156 156 156 157 157 157 157 157 156 157 157 157 157 157 157 157 157 157 157 156 156 156 156 156 156 156 156 156 156 156 155 155 154 154 153 153 152 152 151 151 150 150 149 149 150 151 152 153 154 155 155 156 157 158 160 160 161 162 163 164 165 166 167 168 168 169 170 171 171 171 172 172 173 174 174 174 174 174 174 175 175 175 175 174 174 174 174
155 155 155 156 156 156 156 156 156 156 157 157 157 157 156 156 157 156 157 157 157 157 157 157 157 157 157 156 156 156 156 156 157 157 156 156 156 156 155 155 154 154 153 153 152 152 151 151 150 150 150 151 152 152 153 154 155 156 157 158 159 160 160 161 162 163 164 165 166 167 168 168 169 170 170 171 172 172 172 173 173 173 173 173 174 174 174 174 174 174 174 174 174 174
155 156 155 156 156 156 156 156 156 156 157 157 157 157 156 156 156 157 157 157 157 157 157 157 157 157 157 157 157 157 156 157 157 157 157 156 156 156 155 155 154 154 153 153 152 152 152 151 151 151 151 151 152 153 154 154 155 156 157 158 159 160 160 161 162 163 164 165 166 167 168 168 169 170 171 171 172 172 172 173 172 172 173 172 173 173 174 174 174 174 174 174 173 173
156 156 156 156 156 156 156 156 156 156 157 157 157 157 156 156 157 157 157 157 157 157 157 157 157 157 157 157 157 157 157 157 157 157 157 157 156 156 156 155 155 154 154 153 153 153 152 152 152 152 152 152 153 153 154 155 156 156 157 158 159 160 160 161 162 163 164 165 166 167 168 169 170 170 171 171 171 172 171 171 172 171 172 172 172 173 173 173 173 174 173 173 173 173
156 156 156 156 156 156 157 157 157 157 157 157 156 156 156 157 157 157 157 157 157 157 157 157 157 157 157 157 157 157 157 157 158 157 157 157 157 156 156 155 155 155 154 154 153 153 153 153 152 152 153 153 153 154 154 155 156 157 157 158 159 160 160 161 162 163 164 165 166 167 168 169 169 170 171 171 171 172 171 171 171 170 171 171 170 171 172 173 173 173 173 173 173 173
157 157 157 157 157 157 157 157 157 157 157 156 156 156 157 157 157 157 157 157 157 157 157 157 157 158 158 157 157 158 158 158 158 158 157 157 157 157 156 156 155 155 155 154 154 154 153 153 153 153 153 154 154 154 155 156 156 157 157 158 159 160 160 161 162 163 164 165 166 167 168 169 170 170 170 171 171 172 172 171 171 170 170 170 170 171 172 172 173 173 173 173 173 173
158 158 158 157 157 157 157 157 157 157 157 157 156 156 157 157 157 157 157 157 157 157 157 158 158 158 158 158 158 158 158 158 158 158 158 158 157 157 157 156 156 155 155 155 154 154 154 154 154 154 154 154 154 155 155 156 157 157 158 158 159 160 160 161 162 163 164 165 166 167 168 169 169 170 170 171 171 171 171 171 170 169 169 170 171 171 172 172 172 172 172 172 172 172
158 158 158 158 157 157 157 157 157 157 156 156 156 156 157 157 157 157 157 157 157 158 158 158 158 158 158 158 158 158 158 158 159 158 158 158 158 157 157 156 156 156 156 155 155 155 155 154 154 155 155 155 155 155 156 156 157 157 158 158 159 160 160 161 162 163 164 165 166 167 168 169 170 170 170 170 170 171 170 170 170 169 169 170 170 170 170 171 171 172 172 172 172 172
159 158 158 158 158 158 157 157 157 157 156 156 156 156 157 157 157 157 157 157 157 158 158 158 158 158 158 159 159 159 159 159 159 159 158 158 158 158 157 157 156 156 156 156 155 155 155 155 155 155 155 156 156 156 156 157 157 158 158 159 159 160 160 161 162 163 164 165 166 168 169 169 170 170 170 170 170 170 170 170 169 169 169 169 169 169 170 171 170 171 172 172 172 172
159 159 159 158 158 158 157 157 157 157 156 156 156 157 157 157 157 157 157 157 157 157 158 158 158 158 158 159 159 159 159 159 159 159 159 158 158 158 157 157 157 157 156 156 156 156 156 156 156 156 156 156 156 157 157 157 158 158 158 159 159 160 160 161 162 163 164 165 166 168 169 170 170 170 170 170 169 169 169 169 168 168 169 168 168 168 169 170 169 170 171 171 171 172
159 159 159 158 158 158 157 157 157 157 157 157 157 157 156 156 157 157 157 157 157 157 157 158 158 158 158 159 159 159 159 159 159 159 159 158 158 158 157 157 157 157 157 156 156 156 156 156 156 156 156 156 157 157 157 157 158 158 159 159 159 160 160 161 161 162 164 165 166 168 169 171 171 171 170 169 169 169 168 168 168 167 168 168 167 167 168 169 168 170 170 171 171 171
159 159 159 158 158 158 157 157 157 157 157 157 157 156 156 156 157 157 157 157 157 157 157 157 158 158 158 158 159 159 159 159 159 158 158 158 158 158 157 157 157 157 157 157 156 156 156 156 156 157 157 157 157 157 157 158 158 158 159 159 159 160 160 160 161 162 163 165 166 168 169 171 171 171 170 169 169 168 168 168 167 166 167 167 166 167 167 168 168 169 170 171 171 171
159 159 159 158 158 158 157 157 157 157 157 157 157 157 156 156 156 157 157 157 157 157 157 157 157 158 158 158 158 159 158 158 158 157 158 158 158 157 157 157 157 157 157 157 157 157 157 157 157 157 157 157 157 157 158 158 158 158 159 159 160 160 160 160 161 161 163 164 166 168 169 171 171 170 169 169 168 168 168 167 166 166 166 166 166 166 166 168 168 169 170 170 171 171
159 159 159 158 158 157 157 157 157 156 156 156 156 156 156 156 156 156 156 157 157 157 157 157 157 157 158 158 158 158 158 158 158 157 158 158 158 157 157 157 157 157 157 157 157 157 157 157 157 157 157 157 158 158 158 158 158 158 159 159 160 160 160 161 161 162 163 164 166 167 169 169 170 170 169 168 168 168 167 166 166 165 164 164 165 165 165 167 167 168 169 170 170 171
159 159 158 158 158 157 157 157 157 156 156 156 156 156 156 156 156 156 156 156 156 157 157 157 157 157 157 158 158 158 158 158 158 158 158 157 157 157 157 157 157 157 157 157 157 157 157 157 157 158 158 158 158 158 158 158 158 158 159 159 160 160 160 161 161 162 163 164 166 167 168 168 169 169 168 168 168 167 166 166 165 164 164 163 164 164 165 166 166 167 168 169 170 171
159 159 158 158 157 157 157 156 156 156 156 155 155 155 155 155 155 155 156 156 156 156 156 156 157 157 157 157 158 158 158 158 158 158 157 157 157 157 158 158 157 157 157 157 157 157 157 157 158 158 158 158 158 158 158 158 158 159 159 159 160 160 161 161 162 162 163 164 165 166 167 168 168 168 168 167 167 166 165 165 164 164 163 163 163 163 163 165 166 166 168 169 170 171
160 159 158 157 157 156 156 156 156 156 156 155 155 155 155 155 155 155 155 155 156 156 156 156 156 157 157 157 157 158 158 158 158 157 157 157 157 157 157 157 157 157 157 157 157 157 157 158 158 158 158 158 158 158 159 159 159 159 159 159 160 160 161 161 162 163 163 164 165 166 167 167 167 167 167 167 166 165 165 164 164 163 162 161 162 162 162 164 165 165 167 168 170 171
159 159 158 157 157 156 156 156 156 156 155 155 155 155 154 155 154 155 155 155 155 155 155 156 156 156 156 157 157 157 158 158 157 157 157 157 156 156 157 157 157 157 157 157 157 157 157 158 158 158 158 158 158 159 159 159 159 159 159 160 160 161 161 162 162 163 163 164 165 165 166 166 166 166 166 166 165 165 164 163 163 162 161 161 160 161 162 163 163 165 167 168 170 171
159 159 158 157 156 156 156 156 155 155 155 155 155 154 154 154 154 154 154 155 155 155 155 155 155 156 156 156 157 157 157 157 157 157 157 157 156 156 157 157 157 157 157 157 157 157 157 158 158 158 158 158 158 159 159 159 159 159 159 160 160 161 161 162 162 163 163 164 164 165 165 166 166 166 166 165 165 164 164 163 162 161 161 160 160 160 161 162 163 164 166 167 169 171
159 158 158 157 156 156 155 155 155 155 154 154 154 154 154 154 153 154 154 154 154 154 154 155 155 155 155 156 156 156 157 157 157 157 157 157 156 156 157 157 157 157 157 157 157 156 157 158 158 158 158 158 158 158 159 159 159 159 160 160 160 161 161 162 162 163 163 164 164 165 165 165 165 165 165 165 165 164 163 163 162 161 160 159 159 160 160 162 163 163 165 168 168 170
159 158 157 157 156 155 155 155 154 154 154 154 154 154 154 153 153 153 153 153 154 154 154 154 155 155 155 155 156 156 156 157 157 157 157 157 157 157 156 157 157 157 157 156 156 156 157 158 158 158 158 158 159 159 159 159 159 160 160 160 160 161 161 162 162 163 163 164 164 164 165 165 165 165 165 165 164 164 163 162 162 161 160 159 159 160 160 161 162 164 165 167 168 170
158 157 157 156 156 155 155 154 154 153 153 153 153 153 153 153 153 153 153 153 153 153 153 154 154 154 154 154 155 155 156 156 157 157 157 157 157 157 156 156 156 156 156 156 157 157 157 158 158 158 158 159 159 159 159 159 160 160 160 160 161 161 161 162 162 163 163 164 164 164 165 164 165 165 165 164 164 163 163 162 162 161 160 159 159 160 160 161 162 163 165 167 168 169
158 157 156 156 155 155 154 154 153 153 153 152 152 153 152 152 152 152 152 152 152 152 153 153 153 154 154 154 154 155 155 156 156 157 157 157 157 157 156 156 155 156 156 157 157 157 158 158 158 158 158 159 159 159 159 159 160 160 160 161 161 161 161 162 162 163 163 163 164 164 164 164 165 165 164 164 164 163 163 162 162 161 161 160 160 160 161 161 162 164 166 167 168 169
157 156 156 155 155 154 154 154 153 153 152 152 152 152 152 152 152 152 152 152 152 152 152 153 153 153 153 153 153 153 154 155 156 156 157 157 157 156 156 156 156 156 157 157 157 157 158 158 158 158 158 159 159 159 159 159 160 160 160 160 161 161 161 162 162 163 163 163 164 164 164 165 165 164 164 164 164 163 163 162 162 161 161 161 160 160 161 162 163 164 166 167 168 169
156 156 155 154 154 154 153 153 153 152 152 151 151 151 151 151 151 151 151 151 151 152 152 152 153 153 152 152 152 153 153 154 155 155 156 156 156 156 156 156 156 156 156 157 157 157 157 158 158 158 158 159 159 159 159 159 160 160 160 161 161 161 161 162 162 162 163 163 164 164 164 164 165 164 164 164 164 163 163 162 162 162 161 161 161 161 161 162 163 164 165 166 168 168
156 155 155 154 153 153 153 152 152 152 151 151 151 151 151 151 151 151 151 151 151 151 151 152 152 152 152 152 152 153 153 153 154 155 155 156 156 156 156 156 156 156 156 157 157 157 157 158 158 158 158 159 159 159 159 159 160 160 160 161 161 161 161 162 162 162 163 163 164 164 164 164 164 164 164 164 164 163 163 162 162 162 162 161 161 161 162 162 163 164 165 166 167 168
155 155 154 154 153 152 152 152 151 151 151 151 150 150 150 150 150 150 150 150 150 151 151 151 151 151 151 151 151 152 152 153 154 154 155 155 155 156 156 156 156 156 156 157 157 157 157 157 158 158 158 158 158 159 159 159 160 160 160 161 161 161 161 162 162 163 163 163 164 164 164 164 164 164 164 164 164 163 163 163 162 162 162 161 161 161 162 163 163 164 165 166 166 167
154 154 153 153 152 152 151 151 151 150 150 150 150 150 149 149 150 150 150 150 150 150 151 151 151 151 151 151 150 151 151 152 153 154 154 154 155 155 155 156 156 156 156 156 156 157 156 157 158 158 158 158 158 159 159 159 160 160 160 161 161 161 161 162 162 162 163 163 163 164 164 164 164 164 164 164 164 163 163 163 162 162 162 161 161 161 162 163 163 164 165 166 166 167
154 153 153 152 152 151 151 150 150 149 149 149 149 149 149 149 149 149 149 149 149 150 150 150 150 151 150 150 150 150 150 151 152 153 153 154 154 154 155 156 156 156 156 157 157 157 157 157 157 158 158 158 159 159 159 159 160 160 160 160 161 161 161 162 162 162 162 163 163 164 164 164 164 165 164 164 164 163 163 163 163 162 162 162 161 162 163 163 163 163 165 166 166 166
153 152 152 151 151 150 150 149 149 149 149 148 148 148 148 148 148 149 149 149 149 149 150 150 150 150 150 150 150 149 150 151 152 152 153 153 153 154 155 155 156 156 156 156 157 157 157 157 158 158 158 158 159 159 159 159 160 160 160 160 160 161 161 161 162 162 162 162 163 163 164 164 164 164 164 164 164 163 163 163 163 162 162 162 162 162 163 163 163 164 165 165 166 166
152 152 151 151 150 150 149 149 148 148 148 148 148 148 147 146 146 148 148 148 149 149 149 149 148 150 150 150 150 150 150 151 152 152 152 152 153 154 155 155 155 156 156 156 157 157 157 157 158 158 158 158 159 159 159 159 159 160 160 160 161 161 161 162 162 162 162 163 163 163 163 164 164 164 164 164 164 163 163 163 163 162 162 162 162 162 162 163 163 164 165 165 166 166
152 151 151 150 149 149 148 148 147 147 147 147 147 147 147 147 146 147 148 148 148 148 148 148 149 149 150 150 150 150 150 150 151 152 152 152 153 154 154 155 155 155 156 156 156 157 157 157 158 158 158 158 158 159 159 159 160 160 160 161 161 161 161 162 162 162 162 163 163 163 163 163 164 164 164 164 164 163 163 163 162 162 162 162 162 162 163 163 163 164 164 165 165 166
151 151 150 149 148 148 148 147 147 146 146 146 146 146 146 147 146 146 147 147 147 148 148 148 149 149 149 149 150 150 151 150 151 151 152 153 153 154 154 154 155 155 156 156 156 157 157 157 158 158 158 158 158 159 159 160 160 160 160 161 161 161 161 162 162 162 162 163 163 163 163 163 163 163 164 164 164 163 163 163 162 162 162 162 162 162 163 163 163 164 164 165 165 165
150 150 149 148 147 147 147 146 146 146 145 145 145 146 146 146 145 146 146 147 147 147 148 148 148 148 148 149 150 150 150 151 151 151 152 153 153 153 154 154 155 155 155 156 155 156 157 157 157 158 158 158 159 159 159 160 160 160 160 161 161 161 162 162 162 162 162 163 163 163 163 163 163 163 163 163 163 163 163 163 162 162 162 162 162 162 162 163 163 163 164 164 164 165
150 150 149 148 147 147 146 145 145 145 144 145 145 145 145 146 146 145 145 146 146 147 148 148 148 148 148 149 149 150 150 150 150 150 151 152 152 153 153 154 154 155 155 156 155 156 157 157 157 158 158 158 158 159 159 159 160 160 160 161 161 161 162 162 162 162 162 163 163 163 163 163 163 163 163 163 163 163 163 163 162 162 162 162 162 162 162 162 163 163 164 164 164 164
150 149 148 148 147 147 146 146 145 145 145 145 145 145 145 146 146 146 145 145 146 147 147 147 148 148 149 149 149 149 150 150 150 151 152 152 152 153 153 154 154 155 155 155 155 156 157 157 157 157 158 158 158 159 159 159 160 160 160 161 161 161 162 162 162 162 162 163 163 163 163 163 163 163 163 163 163 163 163 163 162 162 162 162 162 162 162 162 162 163 163 163 164 164
150 149 149 148 148 147 146 146 145 145 145 146 146 146 146 146 146 146 145 145 144 146 147 147 148 148 148 149 149 149 149 150 150 151 151 152 152 152 153 154 154 155 155 155 154 155 156 156 157 157 158 158 158 159 159 159 159 160 160 161 161 161 161 162 162 162 162 162 162 162 163 163 163 163 163 163 163 163 163 163 162 162 162 162 162 162 162 162 162 162 163 163 163 163
150 149 149 148 148 147 147 146 146 146 146 146 146 146 146 146 146 146 146 145 145 145 146 146 147 148 148 148 149 149 149 149 150 150 151 152 152 152 153 153 154 154 155 155 155 156 155 156 156 157 158 158 158 159 159 159 160 160 160 160 161 161 161 161 161 162 162 162 162 162 162 163 163 163 163 163 163 162 163 162 162 162 162 162 162 161 162 162 162 162 162 163 163 163
150 150 149 148 148 147 147 147 147 146 146 146 146 146 146 146 146 146 146 146 146 146 146 146 147 147 148 148 148 149 149 149 150 151 151 151 152 152 153 153 154 154 155 155 155 156 155 156 157 157 157 158 158 159 159 159 160 160 160 160 161 161 161 161 161 161 161 162 162 162 162 162 162 163 163 163 162 162 162 162 162 162 162 162 162 161 161 161 162 162 162 162 162 163
150 150 149 149 148 148 148 147 147 147 146 146 146 146 146 146 146 146 146 146 147 147 146 146 147 147 147 148 148 148 149 149 150 150 150 151 151 152 153 153 154 154 155 155 156 156 156 157 157 156 157 158 158 159 159 159 160 160 160 160 161 161 161 161 161 161 161 161 161 161 162 162 162 162 162 162 162 162 162 162 162 162 162 162 161 161 161 161 161 161 162 162 162 163
