MUSICEvapDataQueryTool/BOMEvapData/etapnov.txt
ncols         417
nrows         337
xllcorner     112.15
yllcorner     -43.8
cellsize      0.1
NODATA_value  -9999
[rows 210 to 251 of 337, columns 282 to 375 of 417]
153 153 153 153 153 153 153 153 153 153 153 152 153 153 153 154 154 154 154 153 153 154 154 153 154 155 155 155 155 156 156 156 156 157 157 157 157 158 158 158 158 158 159 159 159 159 159 159 159 159 159 160 160 160 160 160 160 161 162 162 163 163 163 164 164 164 165 165 165 165 165 164 164 163 163 162 161 159 158 157 156 156 156 156 156 155 155 156 158 159 159 159 160 160
153 153 153 153 153 153 153 153 153 153 152 152 153 153 153 154 154 154 154 153 153 153 154 154 154 155 155 155 155 155 156 156 156 157 157 157 157 158 158 158 158 158 158 159 159 159 158 159 158 159 159 159 159 159 160 160 160 160 161 162 162 163 163 163 164 164 165 165 165 165 165 165 164 164 163 162 161 160 158 157 156 156 155 155 155 154 153 156 158 159 159 159 159 159
152 152 152 153 153 153 153 153 153 153 152 152 152 153 153 153 153 154 154 153 153 153 154 154 154 155 155 155 155 155 156 156 156 156 157 157 157 157 158 158 158 158 158 158 159 158 158 158 158 159 159 159 159 159 159 159 160 160 161 161 162 162 163 163 164 164 165 165 165 165 165 165 165 164 164 163 161 160 158 157 156 155 154 154 154 155 154 155 157 158 157 158 157 159
152 152 152 152 152 152 152 152 152 152 152 152 152 152 153 153 153 153 154 154 153 153 154 154 154 154 155 155 155 155 156 156 156 156 157 157 157 157 157 158 158 158 158 158 158 158 158 158 158 159 159 159 159 159 159 159 160 160 160 161 162 162 163 163 164 164 165 165 165 166 166 166 165 165 164 163 162 160 158 157 156 154 154 154 154 154 155 155 156 158 158 158 157 157
151 151 151 151 152 152 152 152 152 151 151 151 152 152 153 153 153 153 153 153 153 153 153 154 154 154 154 155 155 155 155 156 156 156 156 157 157 157 157 158 158 158 158 158 158 158 158 158 158 159 159 159 159 159 159 159 159 160 160 161 161 162 163 163 164 164 165 165 165 166 166 166 166 166 165 164 162 160 158 157 155 154 153 152 153 154 155 156 156 158 157 156 157 155
151 151 151 151 151 151 151 151 151 150 151 151 151 152 152 153 153 153 153 153 153 153 153 153 154 154 154 155 155 155 155 156 156 156 156 156 157 157 157 157 158 158 157 158 158 158 158 158 159 159 159 159 159 159 159 159 160 160 160 160 161 162 163 163 164 164 165 165 165 166 166 166 166 167 166 164 162 160 159 157 155 153 152 152 153 154 155 157 158 158 157 156 155 154
150 150 150 150 150 150 151 151 150 150 151 151 151 152 152 152 152 153 153 152 152 153 153 153 154 154 154 154 155 155 155 155 156 156 156 156 157 157 157 157 157 157 157 157 158 158 158 158 158 158 158 158 158 159 159 159 159 159 160 160 161 161 162 163 163 164 164 165 165 165 166 166 166 167 166 164 162 160 159 157 155 153 152 152 153 154 156 157 158 158 156 155 154 154
149 149 149 149 150 150 150 150 150 150 150 151 151 152 152 152 152 152 152 152 153 153 153 153 154 154 154 154 155 155 155 155 155 156 156 156 157 157 157 157 157 157 158 158 158 158 158 158 159 158 158 159 158 158 159 159 159 159 160 160 161 161 162 163 163 164 164 165 165 165 165 166 166 166 165 164 162 160 159 157 155 154 153 152 153 154 155 157 158 160 161 160 157 155
148 148 148 149 149 149 149 149 149 149 150 150 151 151 151 152 152 152 152 152 153 153 153 153 153 154 154 154 154 155 155 155 155 156 156 156 156 157 157 157 157 157 158 158 158 158 158 158 159 159 159 158 158 159 159 159 160 159 160 160 161 161 162 162 163 163 164 164 164 165 165 165 165 165 164 163 161 160 158 157 155 154 153 153 153 154 155 157 160 162 162 162 159 159
147 147 148 148 148 148 148 148 148 149 149 150 150 151 151 151 151 151 152 152 152 152 153 153 153 153 154 154 154 154 155 155 155 156 156 156 156 157 157 157 157 157 158 158 158 158 158 158 158 159 159 159 158 158 159 159 160 159 160 160 160 161 162 162 162 163 163 164 164 164 164 164 164 164 163 162 161 160 158 157 156 154 153 153 153 154 155 157 159 160 161 161 161 160
146 146 147 147 147 147 147 147 148 148 149 149 150 150 150 150 151 151 151 152 152 152 152 153 153 153 153 154 154 154 154 155 155 155 156 156 156 157 157 157 157 157 158 158 158 158 158 158 158 158 158 159 158 158 159 159 159 160 160 160 160 161 161 162 162 163 163 163 164 163 163 164 164 163 163 162 161 159 158 157 155 154 153 152 152 152 153 155 157 158 161 162 161 162
146 146 146 146 146 146 146 147 147 148 148 148 149 149 150 150 150 150 151 151 151 152 152 152 152 153 153 153 154 154 154 155 155 155 156 156 156 157 157 157 157 157 158 158 158 158 158 158 158 158 158 159 159 159 159 159 159 159 160 160 160 160 161 161 162 162 163 163 163 163 163 163 163 163 162 161 161 159 158 156 154 153 153 151 151 151 152 153 156 158 161 162 162 161
144 144 145 145 145 145 146 146 146 147 147 148 148 148 149 149 150 150 150 151 151 151 152 152 152 152 153 153 153 154 154 154 155 155 155 156 156 156 157 157 157 157 158 158 158 158 158 158 158 158 158 158 158 158 159 159 159 160 160 160 160 161 161 161 161 162 162 162 162 162 162 162 162 162 162 161 161 160 158 156 153 153 151 151 150 150 150 151 154 157 158 161 161 160
144 144 144 144 144 145 145 145 146 146 146 147 147 148 148 148 149 149 150 150 150 151 151 151 152 152 152 153 153 153 154 154 155 155 155 156 156 156 157 157 157 157 158 158 158 158 158 158 158 158 158 158 158 158 158 159 159 160 160 160 159 161 161 161 162 161 162 162 161 162 161 161 161 161 161 161 161 160 158 155 153 152 150 150 148 148 148 149 153 153 154 160 162 160
143 143 143 143 143 144 144 144 145 145 145 146 146 147 147 148 148 148 149 149 150 150 150 151 151 151 152 152 153 153 153 154 154 155 155 155 156 156 157 157 157 157 157 158 158 158 158 158 158 158 158 158 158 159 158 159 159 159 159 160 160 160 161 161 162 161 162 161 161 161 161 161 160 161 161 161 161 160 159 153 153 152 150 148 146 147 147 149 151 152 153 153 158 157
142 142 142 142 142 143 143 143 144 144 144 145 146 146 146 147 147 148 148 149 149 149 150 150 151 151 152 152 152 153 153 153 154 154 155 155 156 156 157 157 157 157 157 158 158 158 158 158 158 158 158 158 158 159 158 159 159 159 159 160 160 160 161 161 162 162 162 161 161 161 161 160 160 160 161 161 161 161 159 153 153 151 149 146 144 145 145 147 148 148 151 154 153 154
141 141 141 141 141 142 142 142 143 143 144 144 145 145 145 146 146 147 147 148 148 149 149 150 150 151 151 152 152 152 153 153 154 154 155 155 156 156 156 157 157 157 157 157 157 158 158 158 158 158 157 157 158 158 158 159 159 159 159 160 160 161 161 161 162 162 162 162 161 161 161 161 161 161 161 161 161 161 159 154 152 150 147 145 143 144 143 143 147 146 147 147 148 148
139 140 140 140 140 141 141 141 142 142 143 143 144 144 144 145 145 146 147 147 148 148 149 149 150 150 150 151 152 152 152 153 154 154 154 155 155 156 156 157 157 157 157 157 157 157 157 158 157 157 158 157 158 158 158 159 159 159 159 160 160 161 161 161 162 162 162 162 161 160 161 161 161 161 161 161 160 160 158 154 150 147 147 144 142 141 141 142 145 147 145 146 148 148
138 138 138 139 139 139 140 140 141 141 142 142 143 143 144 144 145 145 146 146 147 147 148 149 149 150 150 151 151 152 152 153 153 154 154 155 155 156 156 156 157 157 157 157 157 157 157 157 157 157 157 158 158 158 158 159 159 159 159 160 160 160 161 161 161 162 162 162 162 161 161 161 160 161 161 161 161 160 158 155 150 146 145 142 140 139 140 140 142 145 145 145 147 146
137 137 137 137 138 138 139 139 140 140 141 141 142 142 143 143 144 144 145 146 146 147 148 148 149 149 150 150 151 151 152 152 153 153 154 154 155 155 156 156 156 156 157 157 157 157 157 157 157 157 157 158 158 158 158 158 158 159 159 160 160 160 160 160 161 161 162 162 162 161 161 161 161 161 161 161 161 160 159 155 152 148 146 143 139 138 139 139 141 141 143 143 142 142
135 135 136 136 137 137 137 138 139 139 139 140 141 141 142 142 143 144 144 145 146 146 147 148 148 149 149 150 150 151 151 152 152 153 153 154 154 155 155 156 156 156 156 156 156 157 157 157 157 157 157 157 158 158 158 158 158 159 159 159 160 160 160 160 161 160 161 161 161 161 161 161 161 161 161 161 161 160 158 155 152 149 150 146 141 139 139 139 139 139 141 141 141 140
134 134 135 135 135 136 137 137 138 138 139 139 140 140 141 142 142 143 144 144 145 146 146 147 148 148 149 149 150 151 151 152 152 153 153 154 154 154 155 155 155 156 156 156 156 156 156 156 157 157 157 157 157 157 158 158 158 158 158 159 159 159 159 159 160 160 161 161 161 160 160 161 161 161 161 161 161 161 159 157 157 154 153 149 143 140 139 138 138 138 139 140 139 138
132 133 133 134 134 135 136 136 137 137 138 138 139 140 140 141 141 142 143 144 144 145 146 147 147 148 148 149 150 150 151 151 152 152 153 153 154 154 154 155 155 155 155 156 156 156 156 156 156 156 157 157 157 157 157 157 157 158 158 158 159 159 159 159 159 160 160 160 160 160 160 160 160 160 160 161 161 160 160 160 156 153 155 151 145 141 139 138 138 137 138 138 138 137
131 132 132 133 133 134 135 135 136 136 137 137 138 139 139 140 141 141 142 143 144 145 145 146 147 147 148 149 149 150 150 151 151 152 152 153 153 154 154 154 155 155 155 155 155 156 156 156 156 156 156 156 157 157 156 156 157 157 158 158 158 158 159 158 159 159 159 160 160 159 160 160 160 159 160 160 160 160 160 160 159 160 159 157 150 145 141 139 137 136 137 136 136 136
130 131 131 132 132 133 134 134 135 136 136 137 137 138 138 139 140 141 142 143 143 144 145 146 146 147 148 148 149 150 150 151 151 152 152 152 153 153 154 154 154 154 155 155 155 155 155 156 156 156 156 156 156 156 156 156 157 157 156 157 158 158 158 158 159 159 159 159 159 159 159 159 159 159 159 159 159 159 159 159 159 160 159 154 151 146 143 139 137 136 135 135 134 134
129 130 130 131 132 132 133 134 134 135 135 136 136 137 138 138 139 140 141 142 143 144 144 145 146 147 148 148 149 149 150 150 151 151 152 152 152 153 153 153 154 154 154 154 155 155 155 155 155 156 156 156 156 156 156 156 155 156 156 157 157 158 158 158 158 158 158 158 159 158 159 159 158 158 158 158 158 158 158 155 157 159 159 157 152 145 142 140 138 136 135 134 133 133
129 129 130 130 131 132 132 133 133 134 135 135 136 136 137 138 139 140 140 141 142 143 144 145 146 147 147 148 149 149 150 150 151 151 151 152 152 152 153 153 153 154 154 154 154 155 155 155 155 155 155 156 156 156 156 156 155 156 156 157 157 157 157 157 157 158 158 158 158 158 158 158 158 157 157 157 157 157 157 154 154 156 158 156 151 146 144 143 139 137 134 133 132 132
128 129 129 130 130 131 132 132 133 133 134 135 135 136 136 137 138 139 140 141 142 143 144 145 146 146 147 148 148 149 149 150 150 151 151 151 152 152 152 153 153 153 154 154 154 154 155 155 155 155 155 155 155 155 155 155 155 155 155 156 157 157 157 157 157 157 157 158 158 158 158 157 157 156 156 156 155 156 156 156 155 155 156 154 154 151 148 144 141 138 135 133 131 131
128 129 129 129 130 130 131 132 133 133 134 134 135 135 136 137 137 138 140 141 142 143 144 145 145 146 147 148 148 149 149 150 150 150 151 151 151 152 152 152 153 153 153 154 154 154 154 154 155 155 155 155 155 155 155 155 155 155 155 156 156 157 157 157 157 157 157 157 157 157 157 157 156 155 155 155 154 155 154 153 152 154 152 153 153 148 148 143 140 138 135 133 130 130
128 129 129 129 129 130 131 132 132 133 133 134 135 135 135 136 137 138 140 140 141 143 144 145 145 146 147 148 148 149 149 150 150 150 151 151 151 151 152 152 152 153 153 153 154 154 154 154 154 155 155 155 155 155 155 155 155 155 155 155 156 156 157 157 157 157 157 157 157 157 157 156 156 155 154 154 153 152 151 150 151 150 151 153 153 149 149 144 140 137 134 132 130 128
129 129 129 129 129 130 131 131 132 133 133 134 134 135 135 136 137 138 139 141 142 143 144 145 145 146 147 148 148 149 149 149 150 150 150 150 151 151 151 151 152 152 153 153 153 154 154 154 154 154 154 155 155 154 154 154 154 154 155 155 156 156 156 156 157 157 157 157 157 157 157 156 155 155 154 153 151 149 148 147 148 149 150 152 153 149 149 146 141 137 134 132 129 127
129 130 129 130 130 131 131 132 132 133 133 134 134 135 135 136 137 138 140 141 142 143 144 145 145 146 147 148 148 149 149 149 150 150 150 150 150 150 151 151 151 152 152 153 153 153 154 154 154 154 154 154 154 154 154 154 154 154 154 155 155 156 156 156 157 157 157 157 157 157 156 156 156 155 154 153 151 148 146 145 146 148 150 152 152 149 148 146 142 138 135 132 129 127
130 130 130 130 131 131 131 132 132 133 133 134 134 135 136 137 138 139 140 141 142 143 144 145 146 146 147 148 148 149 149 149 150 150 150 150 150 150 150 151 151 151 152 152 153 153 154 154 154 154 154 154 154 154 154 154 154 154 154 155 155 155 156 156 156 157 156 157 156 156 156 156 156 155 154 153 150 148 146 145 146 147 149 150 150 148 148 145 141 138 135 133 130 128
131 131 131 131 131 132 132 132 133 133 133 134 134 135 136 137 138 139 140 141 142 143 144 145 146 146 147 148 148 149 149 149 149 149 149 149 149 149 150 150 151 151 152 152 153 153 154 154 154 154 154 154 154 154 154 154 154 154 155 155 155 156 156 156 156 156 156 156 156 156 156 156 155 154 153 153 151 149 147 147 146 147 148 149 148 147 147 145 142 139 136 134 132 130
131 131 131 132 132 132 132 133 133 134 134 134 135 136 136 137 138 139 140 142 143 144 145 145 146 147 147 148 148 149 149 149 149 149 149 149 148 149 149 149 150 151 151 152 153 153 153 154 154 154 154 155 155 155 155 155 155 155 155 155 156 156 156 156 156 156 156 156 156 156 156 155 155 154 153 153 153 150 148 148 148 148 148 148 148 147 146 145 143 140 138 137 135 134
132 132 132 132 133 133 133 133 134 134 134 134 135 136 136 137 138 140 141 142 143 144 145 146 146 147 147 148 148 149 149 149 149 149 148 148 148 148 148 149 150 150 151 152 152 153 153 154 154 154 155 155 155 155 155 155 155 155 155 156 156 156 156 156 156 156 156 156 156 156 155 155 155 155 154 152 153 151 149 148 148 147 147 147 147 147 145 145 143 142 140 139 138 138
133 133 133 133 133 134 134 134 134 134 135 135 136 136 137 137 139 140 141 143 144 145 145 146 147 147 148 148 148 149 149 149 148 148 148 147 147 147 148 148 149 150 151 152 152 153 154 154 154 155 155 155 155 155 155 155 155 156 156 156 156 156 156 156 156 156 156 156 155 155 155 155 154 154 154 151 151 151 150 149 148 147 147 147 146 146 145 144 143 142 140 139 139 139
133 133 134 134 134 134 135 135 135 135 135 136 136 136 137 137 139 140 142 143 145 145 146 146 147 147 148 148 148 148 148 148 148 148 147 146 146 146 147 148 149 150 151 152 152 153 154 154 155 155 155 155 155 156 156 156 156 156 156 156 156 156 156 156 156 156 156 155 155 155 154 154 154 153 153 151 150 151 150 148 146 146 146 146 146 145 145 144 144 142 141 139 138 137
134 134 134 135 135 135 135 135 136 136 136 136 137 137 137 137 138 140 142 144 145 146 146 147 147 148 148 148 148 148 148 148 148 147 146 146 145 145 146 148 149 150 151 152 153 153 154 154 155 155 155 156 156 156 156 156 156 156 156 156 156 156 156 156 156 156 156 155 155 154 154 153 153 153 153 152 151 150 148 147 146 145 145 145 145 145 145 144 144 142 141 139 138 136
135 135 135 135 136 136 136 136 136 137 137 137 137 137 137 137 138 140 143 145 146 146 147 147 147 148 148 148 148 148 148 148 148 147 146 145 144 145 146 148 149 150 151 152 153 154 154 155 155 155 156 156 156 156 156 156 156 156 157 157 157 157 156 156 156 156 155 155 154 154 153 153 152 152 152 151 150 149 147 146 145 145 144 144 144 144 145 145 144 142 141 139 137 135
135 136 136 136 136 137 137 137 137 137 138 138 138 138 138 138 139 140 142 144 146 146 147 147 147 148 148 148 148 149 149 148 148 148 147 146 146 146 147 148 149 150 151 152 153 154 155 155 155 156 156 156 156 156 157 157 157 157 157 157 157 157 156 156 156 155 155 154 154 153 153 152 152 151 151 150 149 148 147 145 144 144 144 143 144 143 144 145 144 142 141 139 137 135
136 136 137 137 137 137 138 138 138 138 138 138 138 138 139 139 140 141 142 144 145 146 146 147 148 148 148 149 149 149 149 149 149 148 148 147 147 147 148 149 150 151 152 153 154 154 155 155 156 156 156 157 157 157 157 157 157 157 157 157 157 157 157 156 156 155 155 154 153 153 152 152 151 150 150 149 148 147 145 144 143 143 143 142 143 142 144 145 144 142 141 139 137 135
