MUSICEvapDataQueryTool/BOMEvapData/etapaug.txt
ncols         417
nrows         337
xllcorner     112.15
yllcorner     -43.8
cellsize      0.1
NODATA_value  -9999
[rows 110 to 164 of 337, columns 0 to 95 of 417]
96 96 96 96 96 95 95 95 95 95 95 94 94 94 94 94 94 94 93 93 93 93 93 93 93 92 92 92 92 92 92 91 91 91 91 91 91 90 90 90 90 90 89 89 89 89 89 88 88 88 88 88 87 87 87 87 87 86 86 86 86 86 85 85 85 85 85 84 84 84 84 84 84 84 84 84 84 84 84 83 83 83 83 83 83 84 84 84 84 84 84 84 85 85 85 85
96 96 95 95 95 95 95 95 94 94 94 94 94 94 94 93 93 93 93 93 93 93 92 92 92 92 92 92 91 91 91 91 91 91 90 90 90 90 90 89 89 89 89 89 88 88 88 88 87 87 87 87 87 86 86 86 86 86 85 85 85 85 85 84 84 84 84 83 83 83 83 83 83 83 83 83 83 83 82 82 82 82 82 82 82 83 83 83 83 83 83 84 84 84 84 84
95 95 95 95 95 94 94 94 94 94 94 94 93 93 93 93 93 93 92 92 92 92 92 92 92 91 91 91 91 91 91 90 90 90 90 90 89 89 89 89 89 88 88 88 88 88 87 87 87 87 87 86 86 86 86 85 85 85 85 84 84 84 84 84 83 83 83 83 82 82 82 82 82 82 82 82 82 82 81 81 81 81 81 81 82 82 82 82 82 83 83 83 83 83 83 84
95 95 94 94 94 94 94 94 94 93 93 93 93 93 93 92 92 92 92 92 92 92 91 91 91 91 91 91 90 90 90 90 90 90 89 89 89 89 89 88 88 88 88 87 87 87 87 87 86 86 86 86 85 85 85 85 84 84 84 84 83 83 83 83 82 82 82 82 81 81 81 81 81 81 81 81 81 80 80 80 80 80 80 80 81 81 81 81 82 82 82 82 82 83 83 83
94 94 94 94 94 94 93 93 93 93 93 93 92 92 92 92 92 92 92 91 91 91 91 91 91 90 90 90 90 90 90 89 89 89 89 89 88 88 88 88 88 87 87 87 87 87 86 86 86 86 85 85 85 85 84 84 84 84 83 83 83 82 82 82 82 81 81 81 80 80 80 80 80 80 80 80 79 79 79 79 79 79 79 80 80 80 80 81 81 81 81 82 82 82 82 82
94 94 94 93 93 93 93 93 93 92 92 92 92 92 92 92 91 91 91 91 91 91 90 90 90 90 90 90 89 89 89 89 89 89 88 88 88 88 88 87 87 87 87 86 86 86 86 85 85 85 85 85 84 84 84 84 83 83 83 82 82 82 82 81 81 81 80 80 80 79 79 79 79 79 79 79 79 78 78 78 78 78 78 79 79 79 80 80 80 81 81 81 81 81 82 82
93 93 93 93 93 93 93 92 92 92 92 92 92 91 91 91 91 91 91 90 90 90 90 90 90 89 89 89 89 89 89 88 88 88 88 88 87 87 87 87 87 86 86 86 86 85 85 85 85 84 84 84 84 84 83 83 83 82 82 82 82 81 81 80 80 80 79 79 79 79 79 79 79 78 78 78 78 77 77 77 77 77 78 78 78 79 79 79 80 80 80 80 81 81 81 81
93 93 93 93 92 92 92 92 92 92 91 91 91 91 91 91 90 90 90 90 90 90 89 89 89 89 89 89 88 88 88 88 88 88 87 87 87 87 87 86 86 86 86 85 85 85 85 85 84 84 84 83 83 83 83 82 82 82 82 81 81 81 80 80 80 79 79 78 78 78 78 78 78 78 78 77 77 77 76 76 76 77 77 78 78 78 79 79 79 79 80 80 80 80 80 81
93 92 92 92 92 92 92 91 91 91 91 91 91 90 90 90 90 90 89 89 89 89 89 89 89 88 88 88 88 88 88 87 87 87 87 87 86 86 86 86 86 85 85 85 85 84 84 84 84 84 83 83 83 83 82 82 82 81 81 81 81 80 80 79 79 79 78 78 77 77 77 78 78 78 77 77 77 77 76 76 76 76 77 77 77 78 78 78 79 79 79 79 79 80 80 80
92 92 92 92 92 91 91 91 91 91 91 90 90 90 90 90 90 89 89 89 89 89 89 88 88 88 88 88 87 87 87 87 87 87 86 86 86 86 86 85 85 85 85 84 84 84 84 83 83 83 83 82 82 82 82 81 81 81 81 80 80 80 79 79 79 78 78 78 77 77 77 77 77 77 77 77 77 76 76 76 76 76 77 77 77 77 78 78 78 78 79 79 79 79 79 80
92 92 91 91 91 91 91 91 90 90 90 90 90 90 89 89 89 89 89 89 88 88 88 88 88 88 87 87 87 87 87 87 86 86 86 86 86 85 85 85 85 85 84 84 84 83 83 83 83 83 82 82 82 82 81 81 81 81 80 80 80 79 79 79 78 78 78 77 77 77 77 77 77 77 77 77 77 77 76 76 76 76 76 77 77 77 77 78 78 78 78 78 79 79 79 79
91 91 91 91 91 90 90 90 90 90 90 89 89 89 89 89 88 88 88 88 88 88 88 87 87 87 87 87 87 86 86 86 86 86 85 85 85 85 85 85 84 84 84 83 83 83 83 83 82 82 82 82 81 81 81 81 80 80 80 80 79 79 79 78 78 78 78 77 77 77 77 77 77 77 77 77 77 77 77 76 76 76 76 77 77 77 77 77 77 78 78 78 78 78 78 79
91 91 91 90 90 90 90 90 90 89 89 89 89 89 89 88 88 88 88 88 87 87 87 87 87 87 86 86 86 86 86 86 85 85 85 85 85 85 84 84 84 84 83 83 83 83 82 82 82 82 81 81 81 81 81 80 80 80 80 79 79 79 79 78 78 78 78 77 77 77 77 77 78 78 77 77 77 77 77 77 76 76 76 77 77 77 77 77 77 77 77 78 78 78 78 78
91 90 90 90 90 90 89 89 89 89 89 89 88 88 88 88 88 87 87 87 87 87 87 87 86 86 86 86 86 86 85 85 85 85 85 84 84 84 84 84 83 83 83 83 83 82 82 82 82 81 81 81 81 80 80 80 80 79 79 79 79 79 78 78 78 78 78 78 77 77 78 78 78 78 78 78 77 77 77 77 77 76 76 76 76 77 77 77 77 77 77 77 77 77 78 78
90 90 90 90 89 89 89 89 89 89 88 88 88 88 88 87 87 87 87 87 87 86 86 86 86 86 86 85 85 85 85 85 85 84 84 84 84 84 84 83 83 83 83 82 82 82 82 81 81 81 81 81 80 80 80 80 79 79 79 79 78 78 78 78 78 78 78 77 77 77 78 78 78 78 78 78 78 77 77 77 77 77 76 76 76 76 76 77 77 77 77 77 77 77 77 77
90 90 89 89 89 89 89 88 88 88 88 88 88 87 87 87 87 87 86 86 86 86 86 86 85 85 85 85 85 85 84 84 84 84 84 84 83 83 83 83 83 82 82 82 82 81 81 81 81 81 80 80 80 80 79 79 79 79 79 78 78 78 78 78 78 77 77 77 77 78 78 78 78 78 78 78 78 78 77 77 77 77 76 76 76 76 76 76 76 76 76 77 77 77 77 77
89 89 89 89 89 88 88 88 88 88 88 87 87 87 87 87 86 86 86 86 86 86 85 85 85 85 85 85 84 84 84 84 84 84 83 83 83 83 83 82 82 82 82 82 81 81 81 81 80 80 80 80 80 79 79 79 79 78 78 78 78 78 78 78 77 77 77 77 77 77 78 78 78 78 79 78 78 78 77 77 77 77 76 76 76 76 76 76 76 76 76 76 76 76 76 76
89 89 89 88 88 88 88 88 87 87 87 87 87 87 86 86 86 86 86 85 85 85 85 85 85 84 84 84 84 84 84 83 83 83 83 83 83 82 82 82 82 82 82 81 81 81 81 80 80 80 80 79 79 79 79 79 78 78 78 78 78 78 77 77 77 77 77 77 77 77 77 77 78 78 78 78 78 78 77 77 77 76 76 76 76 76 76 76 76 76 76 76 76 76 76 76
89 88 88 88 88 88 87 87 87 87 87 86 86 86 86 86 86 85 85 85 85 85 84 84 84 84 84 84 84 83 83 83 83 83 83 82 82 82 82 82 81 81 81 81 81 81 80 80 80 80 79 79 79 79 79 78 78 78 78 78 77 77 77 77 77 77 77 77 77 77 77 77 77 78 78 78 78 77 77 77 77 76 76 76 76 76 76 76 76 76 76 76 76 76 76 76
88 88 88 88 87 87 87 87 87 86 86 86 86 86 86 85 85 85 85 85 84 84 84 84 84 84 83 83 83 83 83 83 82 82 82 82 82 81 81 81 81 81 81 81 80 80 80 80 79 79 79 79 79 78 78 78 78 78 78 77 77 77 77 77 77 77 77 77 77 77 77 77 77 77 77 77 77 77 77 77 76 76 76 76 76 76 75 75 75 75 75 75 75 75 75 75
88 88 87 87 87 87 87 86 86 86 86 86 85 85 85 85 85 84 84 84 84 84 84 83 83 83 83 83 83 83 82 82 82 82 82 82 81 81 81 81 81 81 80 80 80 80 80 79 79 79 79 79 78 78 78 78 77 77 77 77 77 77 77 77 77 77 77 77 77 77 77 77 77 77 77 77 77 77 77 77 76 76 76 76 76 75 75 75 75 75 75 75 75 75 75 75
87 87 87 87 87 86 86 86 86 86 85 85 85 85 85 84 84 84 84 84 84 83 83 83 83 83 83 82 82 82 82 82 82 81 81 81 81 81 81 80 80 80 80 80 80 79 79 79 79 79 78 78 78 78 78 77 77 77 77 77 77 77 77 76 76 76 76 76 77 77 77 77 77 77 77 77 77 77 76 76 76 76 76 75 75 75 75 75 75 75 75 75 75 75 75 75
87 87 87 86 86 86 86 86 85 85 85 85 85 84 84 84 84 84 83 83 83 83 83 83 82 82 82 82 82 82 82 81 81 81 81 81 81 80 80 80 80 80 80 79 79 79 79 79 78 78 78 78 78 78 77 77 77 77 77 77 76 76 76 76 76 76 76 76 76 76 76 76 77 77 77 77 77 76 76 76 76 76 75 75 75 75 75 75 75 74 74 74 74 74 74 74
87 86 86 86 86 86 85 85 85 85 85 84 84 84 84 84 83 83 83 83 83 83 82 82 82 82 82 82 81 81 81 81 81 81 81 80 80 80 80 80 80 79 79 79 79 79 78 78 78 78 78 78 77 77 77 77 77 77 76 76 76 76 76 76 76 76 76 76 76 76 76 76 76 76 76 76 76 76 76 76 75 75 75 75 75 75 74 74 74 74 74 74 74 74 74 74
86 86 86 86 86 85 85 85 85 84 84 84 84 84 83 83 83 83 83 82 82 82 82 82 82 81 81 81 81 81 81 81 80 80 80 80 80 80 80 79 79 79 79 79 79 78 78 78 78 78 77 77 77 77 77 77 76 76 76 76 76 76 76 76 76 76 76 76 76 76 76 76 76 76 76 76 76 76 75 75 75 75 75 75 75 74 74 74 74 74 74 74 74 74 74 74
86 86 86 85 85 85 85 84 84 84 84 84 83 83 83 83 83 82 82 82 82 82 82 81 81 81 81 81 81 81 80 80 80 80 80 80 80 79 79 79 79 79 78 78 78 78 78 77 77 77 77 77 77 76 76 76 76 76 76 76 76 76 75 75 75 75 75 75 75 75 75 76 76 76 76 75 75 75 75 75 75 75 75 74 74 74 74 74 74 74 74 73 73 73 73 73
86 85 85 85 85 85 84 84 84 84 83 83 83 83 83 82 82 82 82 82 81 81 81 81 81 81 81 80 80 80 80 80 80 80 79 79 79 79 79 79 79 78 78 78 78 78 77 77 77 77 77 76 76 76 76 76 76 76 75 75 75 75 75 75 75 75 75 75 75 75 75 75 75 75 75 75 75 75 75 75 75 74 74 74 74 74 74 74 73 73 73 73 73 73 73 73
85 85 85 85 84 84 84 84 84 83 83 83 83 82 82 82 82 82 81 81 81 81 81 81 80 80 80 80 80 80 80 80 79 79 79 79 79 79 79 78 78 78 78 78 77 77 77 77 77 76 76 76 76 76 76 75 75 75 75 75 75 75 75 75 75 75 75 75 75 75 75 75 75 75 75 75 75 75 74 74 74 74 74 74 74 74 73 73 73 73 73 73 73 73 73 72
85 85 85 84 84 84 84 83 83 83 83 82 82 82 82 82 81 81 81 81 81 80 80 80 80 80 80 80 80 79 79 79 79 79 79 79 79 78 78 78 78 78 78 77 77 77 77 76 76 76 76 76 75 75 75 75 75 75 75 75 75 75 75 75 74 74 74 74 74 75 74 74 74 74 74 74 74 74 74 74 74 74 74 73 73 73 73 73 73 73 73 72 72 72 72 72
85 84 84 84 84 84 83 83 83 83 82 82 82 82 81 81 81 81 81 80 80 80 80 80 80 80 79 79 79 79 79 79 79 79 78 78 78 78 78 78 78 77 77 77 77 77 76 76 76 76 75 75 75 75 75 75 75 74 74 74 74 74 74 74 74 74 74 74 74 74 74 74 74 74 74 74 74 74 74 74 74 73 73 73 73 73 73 73 73 72 72 72 72 72 72 72
84 84 84 84 83 83 83 83 82 82 82 82 81 81 81 81 81 80 80 80 80 80 80 79 79 79 79 79 79 79 79 78 78 78 78 78 78 78 78 77 77 77 77 77 76 76 76 76 75 75 75 75 75 74 74 74 74 74 74 74 74 74 74 74 74 74 74 74 74 74 74 74 74 74 74 74 74 73 73 73 73 73 73 73 73 73 72 72 72 72 72 72 72 72 72 71
84 84 84 83 83 83 83 82 82 82 82 81 81 81 81 80 80 80 80 80 79 79 79 79 79 79 79 78 78 78 78 78 78 78 78 78 77 77 77 77 77 77 77 76 76 76 75 75 75 75 75 74 74 74 74 74 74 74 74 74 74 73 73 73 73 73 73 73 73 73 73 73 73 73 73 73 73 73 73 73 73 73 73 73 72 72 72 72 72 72 72 72 71 71 71 71
84 84 83 83 83 83 82 82 82 82 81 81 81 80 80 80 80 80 79 79 79 79 79 79 79 78 78 78 78 78 78 78 78 77 77 77 77 77 77 77 77 77 76 76 76 75 75 75 75 74 74 74 74 74 74 73 73 73 73 73 73 73 73 73 73 73 73 73 73 73 73 73 73 73 73 73 73 73 73 73 73 72 72 72 72 72 72 72 72 72 71 71 71 71 71 71
83 83 83 83 83 82 82 82 82 81 81 81 80 80 80 80 79 79 79 79 79 79 78 78 78 78 78 78 78 78 77 77 77 77 77 77 77 77 76 76 76 76 76 76 75 75 75 74 74 74 74 74 73 73 73 73 73 73 73 73 73 73 73 73 73 73 73 73 73 73 73 73 73 73 73 73 72 72 72 72 72 72 72 72 72 72 72 71 71 71 71 71 71 71 71 70
83 83 83 83 82 82 82 82 81 81 81 80 80 80 79 79 79 79 79 78 78 78 78 78 78 78 78 77 77 77 77 77 77 77 77 76 76 76 76 76 76 76 75 75 75 74 74 74 74 73 73 73 73 73 73 73 73 72 72 72 72 72 72 72 72 72 72 72 72 72 72 72 72 72 72 72 72 72 72 72 72 72 72 72 72 71 71 71 71 71 71 71 71 70 70 70
83 83 82 82 82 82 82 81 81 81 80 80 80 80 79 79 79 78 78 78 78 78 78 78 78 77 77 77 77 77 77 77 76 76 76 76 76 76 76 75 75 75 75 74 74 74 74 73 73 73 73 73 72 72 72 72 72 72 72 72 72 72 72 72 72 72 72 72 72 72 72 72 72 72 72 72 72 72 72 72 72 72 71 71 71 71 71 71 71 71 70 70 70 70 70 70
83 82 82 82 82 82 81 81 81 80 80 80 80 79 79 79 78 78 78 78 78 78 78 77 77 77 77 77 77 77 76 76 76 76 76 76 75 75 75 75 75 75 74 74 74 73 73 73 73 73 72 72 72 72 72 72 72 72 72 72 72 72 72 72 72 72 72 72 72 72 72 72 72 72 72 72 72 71 71 71 71 71 71 71 71 71 71 71 70 70 70 70 70 70 70 70
82 82 82 82 82 81 81 81 81 80 80 80 79 79 79 78 78 78 78 78 77 77 77 77 77 77 77 77 76 76 76 76 76 76 75 75 75 75 75 74 74 74 74 73 73 73 73 72 72 72 72 72 72 72 71 71 71 71 71 71 71 71 71 71 71 71 71 71 71 71 71 71 71 71 71 71 71 71 71 71 71 71 71 71 71 71 70 70 70 70 70 70 70 69 69 69
82 82 82 82 81 81 81 81 80 80 80 80 79 79 79 78 78 78 78 77 77 77 77 77 77 77 76 76 76 76 76 76 75 75 75 75 75 74 74 74 74 74 73 73 73 72 72 72 72 72 71 71 71 71 71 71 71 71 71 71 71 71 71 71 71 71 71 71 71 71 71 71 71 71 71 71 71 71 71 71 71 71 71 70 70 70 70 70 70 70 70 70 69 69 69 69
82 82 82 81 81 81 81 80 80 80 80 79 79 79 78 78 78 78 77 77 77 77 77 77 76 76 76 76 76 76 75 75 75 75 75 74 74 74 74 74 73 73 73 73 72 72 72 71 71 71 71 71 71 71 71 70 70 70 70 70 70 70 70 71 71 71 71 71 71 71 71 71 71 71 71 71 71 71 71 70 70 70 70 70 70 70 70 70 70 70 69 69 69 69 69 69
82 81 81 81 81 81 80 80 80 80 79 79 79 79 78 78 78 78 77 77 77 77 77 76 76 76 76 76 75 75 75 75 75 74 74 74 74 74 73 73 73 73 72 72 72 71 71 71 71 71 70 70 70 70 70 70 70 70 70 70 70 70 70 70 70 70 70 70 70 70 70 70 70 70 70 70 70 70 70 70 70 70 70 70 70 70 70 69 69 69 69 69 69 69 68 68
81 81 81 81 81 80 80 80 80 80 79 79 79 79 78 78 78 77 77 77 77 77 76 76 76 76 76 75 75 75 75 75 74 74 74 74 73 73 73 73 72 72 72 72 71 71 71 70 70 70 70 70 70 70 70 70 70 70 70 70 70 70 70 70 70 70 70 70 70 70 70 70 70 70 70 70 70 70 70 70 70 70 70 70 70 69 69 69 69 69 69 69 69 68 68 68
81 81 81 81 80 80 80 80 80 79 79 79 79 78 78 78 78 77 77 77 77 76 76 76 76 76 75 75 75 75 74 74 74 74 74 73 73 73 73 72 72 72 71 71 71 71 70 70 70 69 69 69 69 69 69 69 69 69 69 69 69 69 69 69 69 70 70 70 70 70 70 70 70 70 70 70 70 70 70 70 70 70 70 69 69 69 69 69 69 69 69 68 68 68 68 68
81 81 81 80 80 80 80 80 79 79 79 79 79 78 78 78 78 77 77 77 77 76 76 76 76 75 75 75 75 74 74 74 74 73 73 73 73 72 72 72 72 71 71 71 70 70 70 69 69 69 69 69 69 69 69 69 69 69 69 69 69 69 69 69 69 69 69 69 69 69 69 69 69 70 70 70 70 70 70 70 69 69 69 69 69 69 69 69 69 69 68 68 68 68 68 68
81 81 80 80 80 80 80 80 79 79 79 79 79 78 78 78 78 77 77 77 76 76 76 76 75 75 75 75 74 74 74 74 73 73 73 73 72 72 72 71 71 71 71 70 70 70 69 69 69 69 68 68 68 68 68 68 68 68 68 69 69 69 69 69 69 69 69 69 69 69 69 69 69 69 69 69 69 69 69 69 69 69 69 69 69 69 69 69 68 68 68 68 68 68 68 67
81 80 80 80 80 80 80 79 79 79 79 79 78 78 78 78 77 77 77 77 76 76 76 75 75 75 75 74 74 74 74 73 73 73 72 72 72 72 71 71 71 70 70 70 70 69 69 69 69 68 68 68 68 68 68 68 68 68 68 68 68 68 68 68 68 68 69 69 69 69 69 69 69 69 69 69 69 69 69 69 69 69 69 69 69 69 69 68 68 68 68 68 68 67 67 67
80 80 80 80 80 80 79 79 79 79 79 79 78 78 78 78 77 77 77 76 76 76 76 75 75 75 74 74 74 74 73 73 73 72 72 72 72 71 71 71 70 70 70 69 69 69 69 68 68 68 68 68 68 68 68 68 68 68 68 68 68 68 68 68 68 68 68 68 68 68 69 69 69 69 69 69 69 69 69 69 69 69 69 69 69 68 68 68 68 68 68 68 67 67 67 67
80 80 80 80 80 79 79 79 79 79 79 78 78 78 78 78 77 77 77 76 76 76 75 75 75 74 74 74 74 73 73 73 72 72 72 72 71 71 71 70 70 70 69 69 69 69 68 68 68 68 68 67 67 67 67 67 67 67 67 67 67 68 68 68 68 68 68 68 68 68 68 68 68 68 69 69 69 69 69 69 69 69 68 68 68 68 68 68 68 68 68 67 67 67 67 67
80 80 80 80 79 79 79 79 79 79 78 78 78 78 78 77 77 77 76 76 76 76 75 75 75 74 74 74 73 73 73 72 72 72 71 71 71 71 70 70 70 69 69 69 69 68 68 68 68 67 67 67 67 67 67 67 67 67 67 67 67 67 67 67 67 68 68 68 68 68 68 68 68 68 68 68 68 68 68 68 68 68 68 68 68 68 68 68 68 67 67 67 67 67 67 66
80 80 80 79 79 79 79 79 79 78 78 78 78 78 78 77 77 77 76 76 76 75 75 75 74 74 74 73 73 73 72 72 72 72 71 71 71 70 70 70 69 69 69 68 68 68 68 67 67 67 67 67 67 67 67 67 67 67 67 67 67 67 67 67 67 67 67 67 67 68 68 68 68 68 68 68 68 68 68 68 68 68 68 68 68 68 68 68 67 67 67 67 67 67 66 66
80 79 79 79 79 79 79 79 78 78 78 78 78 77 77 77 77 76 76 76 76 75 75 75 74 74 74 73 73 73 72 72 72 71 71 71 70 70 70 69 69 69 68 68 68 68 67 67 67 67 67 66 66 66 66 66 66 66 66 66 66 66 67 67 67 67 67 67 67 67 67 68 68 68 68 68 68 68 68 68 68 68 68 68 68 68 68 67 67 67 67 67 67 66 66 66
79 79 79 79 79 79 79 78 78 78 78 78 77 77 77 77 77 76 76 76 75 75 75 74 74 74 73 73 73 72 72 72 71 71 71 70 70 70 69 69 69 68 68 68 67 67 67 67 66 66 66 66 66 66 66 66 66 66 66 66 66 66 66 66 66 66 67 67 67 67 67 67 67 68 68 68 68 68 68 68 68 68 68 68 68 67 67 67 67 67 67 67 66 66 66 66
79 79 79 79 79 78 78 78 78 78 78 78 77 77 77 77 76 76 76 75 75 75 74 74 74 73 73 73 72 72 72 71 71 71 70 70 70 69 69 69 68 68 68 67 67 67 67 66 66 66 66 66 66 65 65 65 65 65 66 66 66 66 66 66 66 66 66 66 67 67 67 67 67 67 67 68 68 68 68 68 68 68 68 68 67 67 67 67 67 67 67 66 66 66 66 66
79 79 79 79 78 78 78 78 78 78 77 77 77 77 77 76 76 76 75 75 75 75 74 74 74 73 73 73 72 72 71 71 71 70 70 70 69 69 69 68 68 68 67 67 67 66 66 66 66 66 65 65 65 65 65 65 65 65 65 65 65 65 65 66 66 66 66 66 66 66 67 67 67 67 67 67 67 68 68 68 68 68 67 67 67 67 67 67 67 67 66 66 66 66 66 66
79 79 79 78 78 78 78 78 78 77 77 77 77 77 76 76 76 76 75 75 75 74 74 74 73 73 73 72 72 72 71 71 70 70 70 69 69 69 68 68 68 67 67 67 66 66 66 66 65 65 65 65 65 65 65 65 65 65 65 65 65 65 65 65 65 65 66 66 66 66 66 66 67 67 67 67 67 67 67 67 67 67 67 67 67 67 67 67 67 66 66 66 66 66 66 65
