MUSICEvapDataQueryTool/BOMEvapData/etapmar.txt
ncols         417
nrows         337
xllcorner     112.15
yllcorner     -43.8
cellsize      0.1
NODATA_value  -9999
[rows 84 to 125 of 337, columns 94 to 187 of 417]
183 182 182 182 182 181 181 181 181 180 180 180 180 180 180 180 180 179 180 180 180 180 180 180 180 179 179 179 179 179 179 179 178 177 176 176 176 176 176 176 176 175 175 174 173 173 172 172 172 171 171 171 170 170 169 169 168 168 167 167 166 166 166 166 166 166 166 166 167 167 166 166 166 166 166 166 166 166 167 167 166 167 167 167 168 168 168 169 169 170 170 171 171 171
183 182 181 181 181 181 180 180 180 180 180 180 180 179 179 179 179 179 179 179 179 179 179 179 179 178 178 178 178 178 178 178 177 177 176 175 175 175 175 175 175 174 174 173 173 172 172 171 171 170 170 170 169 169 169 168 167 167 166 166 166 166 166 166 166 166 166 166 166 165 165 165 165 165 165 165 165 165 165 165 165 165 165 166 166 166 167 167 168 168 169 169 170 170
181 181 181 180 180 180 180 180 179 179 179 179 179 179 179 179 178 178 178 178 178 178 178 178 177 177 177 177 177 177 176 176 176 176 176 175 174 174 175 174 173 173 172 173 172 171 171 171 170 170 169 169 168 168 167 167 166 166 166 165 165 165 165 165 165 165 165 165 165 164 164 164 164 163 164 164 164 164 164 164 164 164 164 164 164 165 165 166 166 167 167 168 168 168
180 180 180 180 179 179 179 179 179 179 179 178 178 178 178 178 178 178 177 177 177 177 177 177 177 177 176 176 176 176 176 175 175 175 175 175 174 174 174 173 173 173 172 172 171 171 170 170 169 168 168 168 167 167 166 166 165 165 165 164 165 165 164 164 164 164 164 164 164 163 163 163 163 162 162 162 162 162 162 163 163 163 163 162 163 163 164 164 165 165 166 166 167 167
180 179 179 179 179 179 178 178 178 178 178 177 177 178 177 177 177 177 177 177 177 177 177 177 176 176 176 175 175 175 175 175 174 174 174 174 173 173 172 172 172 172 171 171 171 170 169 169 168 168 167 167 167 166 166 165 164 165 164 164 164 164 164 163 163 163 163 163 163 162 162 162 162 161 161 161 161 161 161 161 161 161 161 161 162 162 162 163 163 164 165 165 165 165
179 179 179 178 178 178 178 178 178 178 177 177 177 177 177 177 177 176 176 176 176 176 176 176 175 175 175 175 174 174 174 173 173 173 173 172 172 172 171 171 171 171 170 170 170 169 169 168 168 167 167 166 166 165 165 164 164 164 164 163 163 163 163 163 163 162 162 162 162 161 161 161 160 160 160 160 160 160 160 160 160 160 160 160 161 161 161 162 162 163 163 164 164 165
178 178 178 178 178 177 177 177 177 177 177 177 177 177 176 176 176 176 176 175 175 175 175 175 175 175 175 174 174 173 173 173 172 172 172 172 171 171 171 170 170 170 169 169 169 168 168 168 167 167 166 166 165 164 164 163 163 163 163 163 163 163 162 162 162 161 161 161 161 160 160 160 159 158 159 159 159 159 158 158 159 158 158 159 159 160 160 160 161 161 162 162 163 163
177 177 177 177 177 177 177 177 177 177 176 176 176 176 176 176 176 175 175 175 175 175 175 175 174 174 174 174 173 173 173 172 172 172 171 171 171 171 170 170 169 169 169 168 168 167 167 167 166 166 165 165 164 164 163 163 163 163 162 162 162 162 161 161 161 161 161 160 160 160 159 159 158 157 158 158 158 157 157 157 157 157 157 157 158 158 159 159 160 160 161 161 162 162
177 176 176 176 176 176 176 176 176 176 176 176 176 175 175 175 175 175 174 174 174 174 174 174 174 173 173 173 173 172 172 172 171 171 171 170 170 170 169 169 169 168 168 168 167 167 166 166 165 165 165 164 164 163 163 162 162 162 162 162 161 161 161 160 160 160 160 160 159 159 158 158 158 157 157 157 157 156 156 156 156 156 156 156 156 157 157 158 158 159 159 160 161 161
176 176 176 175 175 175 176 175 175 175 175 175 175 174 174 174 174 174 174 174 174 174 173 173 173 172 172 172 172 172 172 171 171 170 170 170 170 169 169 168 168 168 167 167 167 166 166 165 165 165 164 164 163 163 162 162 162 161 161 161 161 161 160 160 159 159 159 159 158 158 158 157 157 156 156 156 155 155 155 155 155 155 155 155 155 155 156 156 157 157 158 159 159 160
175 175 175 175 175 174 175 175 174 174 174 174 174 173 173 174 174 174 173 173 173 173 172 172 171 171 171 171 171 171 171 170 170 170 169 169 169 168 168 168 167 167 167 166 166 165 165 165 164 164 164 163 163 162 161 162 161 161 161 161 160 160 159 159 159 158 158 158 157 157 157 156 156 156 155 155 154 154 154 154 154 154 153 153 154 154 155 155 156 156 157 157 158 159
175 175 174 174 174 174 174 174 174 174 174 173 173 173 173 173 173 173 172 172 172 172 171 171 171 170 170 170 170 170 170 170 169 169 169 168 168 168 167 167 167 166 166 166 165 165 165 164 164 163 163 162 162 162 161 161 161 161 160 160 159 159 159 158 158 158 157 157 156 156 156 155 155 154 154 154 154 154 153 153 152 152 152 152 152 153 153 154 155 155 156 156 157 157
174 174 174 174 174 173 173 173 173 173 173 173 173 173 172 172 172 172 171 171 171 171 170 170 170 170 169 169 169 169 169 169 169 168 168 168 167 167 167 166 166 166 165 165 165 164 164 163 163 163 162 162 161 161 161 160 160 160 160 159 159 158 158 158 157 157 156 156 155 155 155 155 154 154 153 153 153 152 152 152 151 151 151 151 151 151 152 153 153 154 154 155 156 156
173 173 173 173 173 173 173 173 173 172 172 172 172 172 172 172 171 171 170 170 170 170 170 169 169 169 168 168 168 168 168 168 168 168 167 167 167 166 166 165 165 165 165 164 164 164 163 163 162 162 162 161 161 160 160 160 160 159 159 159 158 158 157 157 156 156 155 155 154 154 154 154 153 153 152 152 152 151 151 150 150 150 149 149 150 150 151 152 152 153 153 154 155 155
172 172 172 172 172 172 172 172 172 172 171 171 171 171 171 170 170 170 169 169 169 169 169 168 168 168 168 167 167 167 167 167 167 167 167 166 166 166 165 164 164 164 164 164 163 163 162 162 162 161 161 161 160 160 160 159 159 159 158 158 157 157 156 156 155 155 155 154 154 153 153 153 152 152 151 151 151 150 150 150 149 149 148 148 148 149 150 150 151 151 152 153 154 154
171 171 171 171 171 171 171 171 171 171 171 170 170 170 170 170 169 169 169 168 168 168 168 168 167 167 167 167 166 166 166 166 166 166 166 165 165 165 164 164 163 163 163 163 162 162 162 161 161 160 160 160 159 159 159 159 158 158 158 157 157 156 156 155 155 154 154 154 153 153 152 152 152 151 151 150 150 150 149 149 148 148 147 147 147 147 148 149 150 150 151 152 153 153
170 170 170 170 170 170 170 170 170 170 170 169 169 169 169 169 169 169 168 168 168 167 167 167 167 167 166 166 166 165 165 165 165 165 164 164 164 164 164 163 163 163 162 162 162 161 161 161 160 159 159 159 159 158 158 158 158 157 157 157 156 155 155 154 154 154 154 153 153 153 152 151 151 151 150 150 149 149 148 148 148 147 147 146 146 146 147 148 149 150 151 151 152 153
169 169 169 169 169 169 169 169 169 169 169 169 168 168 168 168 168 168 168 167 167 167 166 166 166 166 166 165 165 165 164 164 164 164 163 163 163 163 163 163 163 162 162 161 161 161 160 160 159 159 159 158 158 158 158 157 157 157 156 156 156 155 154 154 153 153 153 153 153 152 152 151 151 150 150 149 149 148 148 148 147 147 147 146 146 146 147 148 149 150 150 151 152 153
168 168 169 169 168 168 168 168 168 168 168 168 168 168 167 167 167 167 167 167 166 166 166 165 165 165 165 165 164 164 164 164 163 163 162 162 162 162 162 162 162 161 161 161 160 160 160 159 159 158 158 158 157 157 157 157 156 156 156 155 155 154 154 153 153 153 152 152 152 152 151 151 150 150 149 149 149 148 148 147 147 147 146 146 146 146 147 148 148 149 150 151 151 152
167 167 168 168 168 168 168 167 167 167 167 167 167 167 166 166 166 166 166 166 165 165 165 165 165 165 164 164 163 163 163 163 163 162 162 162 161 161 161 161 161 161 160 160 159 159 159 159 158 158 157 157 157 157 156 156 156 155 155 155 154 154 154 153 153 152 152 152 151 151 150 150 150 149 149 149 148 148 148 147 147 147 146 146 146 146 147 147 148 149 149 150 151 151
166 167 167 167 167 167 167 167 167 167 167 166 166 166 166 166 165 165 165 165 164 164 164 164 164 164 163 163 163 162 162 162 162 162 162 161 161 160 160 160 160 159 159 159 159 158 158 158 158 157 157 156 156 156 156 155 155 155 154 154 154 154 153 153 152 152 152 151 151 150 150 150 150 149 149 148 148 148 147 147 147 147 146 146 146 146 147 147 148 149 149 150 150 151
166 166 166 166 166 166 166 166 166 166 166 166 166 165 165 165 165 165 164 164 164 164 164 164 163 163 163 162 162 162 161 161 161 161 161 161 160 160 159 159 159 159 158 158 158 158 158 157 157 156 156 156 155 155 154 154 154 154 154 154 153 153 153 152 152 152 151 151 150 150 150 150 149 149 149 148 148 148 147 147 147 147 147 146 146 146 147 148 148 149 149 150 151 151
165 165 165 165 165 165 165 165 165 165 165 165 165 165 165 164 164 164 164 164 163 163 163 163 162 162 162 162 162 161 161 161 160 160 160 160 160 159 159 158 158 158 158 157 157 157 157 157 157 156 156 155 155 155 154 154 154 153 153 153 152 152 152 152 151 151 150 150 150 150 149 149 149 149 148 148 148 148 147 147 147 147 147 147 147 147 147 148 148 149 149 150 151 151
164 164 164 164 164 164 164 164 164 164 164 164 164 164 164 164 164 164 163 163 163 163 162 162 162 161 161 161 161 161 161 160 160 160 159 159 159 159 158 158 158 158 157 157 157 156 157 156 156 156 155 155 155 154 154 153 153 153 153 152 152 151 151 151 151 150 150 149 149 149 149 149 149 149 148 148 148 148 147 147 147 147 147 147 147 147 148 148 148 149 149 150 150 151
163 163 164 164 163 164 163 164 164 164 163 163 163 163 163 163 163 163 162 162 162 162 162 161 161 161 161 161 160 160 160 159 159 159 159 158 158 158 158 158 157 157 156 156 156 156 156 156 155 155 155 154 154 154 153 153 152 152 152 152 151 151 151 150 150 150 149 149 149 149 149 149 149 148 148 148 148 147 147 147 147 147 147 147 147 147 148 148 148 149 149 150 150 151
163 163 163 163 163 163 163 163 163 163 163 163 163 162 162 162 162 162 162 161 161 161 161 160 160 160 160 160 160 160 159 159 159 158 158 158 158 157 157 157 157 156 156 156 155 155 155 155 155 154 154 153 153 153 153 153 152 152 152 152 151 151 150 150 150 149 149 149 149 149 149 149 148 148 148 148 147 147 147 147 147 146 147 147 147 147 148 148 148 149 149 150 150 151
162 162 162 163 163 163 163 162 162 162 162 162 162 162 162 161 161 161 161 161 161 160 160 160 160 160 159 159 159 159 159 158 158 158 158 157 157 157 156 156 156 156 156 155 155 154 154 154 154 154 153 152 152 152 152 152 152 152 152 151 151 150 150 149 149 149 149 149 149 149 149 148 148 148 148 147 147 147 147 147 146 146 146 147 147 147 147 148 148 149 149 149 150 150
161 162 162 162 162 162 162 162 162 162 161 161 161 161 161 161 161 160 160 160 160 160 159 159 159 159 159 159 158 158 158 158 158 158 157 157 157 156 156 156 155 155 155 155 154 154 154 153 153 153 153 152 152 152 152 152 151 151 151 151 151 150 150 149 149 149 149 149 149 149 149 148 148 148 147 147 147 147 147 147 147 146 146 146 147 147 147 148 148 149 149 149 150 150
160 161 161 161 161 161 161 161 161 161 161 161 161 161 161 160 160 160 159 159 159 159 159 159 158 158 158 158 158 158 157 157 157 157 157 156 156 156 156 155 155 154 154 154 154 153 153 153 153 152 152 151 151 151 151 151 151 151 151 150 150 150 149 149 148 148 149 149 149 148 148 148 148 148 147 147 147 146 146 147 146 146 147 147 147 147 147 148 148 148 149 149 150 150
160 160 160 160 160 161 161 161 161 161 160 160 160 160 160 159 159 159 159 159 159 159 158 158 158 158 158 157 157 157 157 156 156 156 156 155 155 155 155 155 154 154 154 153 153 153 153 153 152 152 151 151 151 150 150 150 150 150 150 150 150 149 149 149 148 148 148 148 148 148 148 148 148 147 147 147 147 146 146 147 147 147 147 147 147 147 147 148 148 148 149 149 150 150
159 159 159 159 159 160 160 160 160 160 160 159 159 159 159 159 159 158 158 158 158 158 158 157 157 157 157 156 156 156 156 155 155 155 155 154 154 154 154 154 154 154 153 153 153 153 152 152 152 151 151 151 150 150 150 150 150 150 149 150 149 149 148 148 148 148 148 148 148 148 148 148 147 147 147 147 146 146 146 147 147 147 147 147 147 147 147 148 148 148 149 149 150 150
158 158 158 159 159 159 159 159 160 160 159 159 159 159 158 158 158 158 158 157 157 157 157 157 156 156 156 156 155 155 155 155 154 154 154 154 154 153 153 153 153 153 153 152 152 152 152 152 151 151 150 150 150 150 149 149 149 149 149 149 149 149 148 148 148 148 148 148 148 148 147 147 147 147 147 147 147 146 146 147 147 147 147 147 147 147 148 148 148 148 149 149 149 150
157 157 158 158 158 158 158 159 159 159 159 158 158 158 158 158 157 157 157 157 157 157 156 156 155 155 155 155 155 154 154 154 154 154 153 153 153 153 152 152 152 152 152 152 152 152 151 151 151 150 150 150 150 149 149 149 149 149 149 149 149 148 148 148 148 148 147 148 148 147 147 147 147 147 147 147 147 147 147 147 147 147 147 147 147 147 147 148 148 148 149 149 149 150
156 156 157 157 157 157 157 158 158 158 158 158 158 157 157 157 157 157 156 156 156 156 156 155 155 155 155 155 154 154 154 153 153 153 153 153 153 152 152 152 152 151 151 151 151 151 151 151 150 150 150 150 150 149 149 149 149 148 148 148 148 148 147 148 148 148 147 147 147 147 147 147 147 147 147 147 147 147 147 147 147 147 147 147 147 147 147 147 148 148 148 148 149 150
155 155 156 156 156 156 157 157 157 157 157 157 157 157 157 156 156 156 155 155 155 155 155 155 155 154 154 154 153 153 153 153 153 152 152 152 152 152 152 151 151 151 151 151 151 151 151 150 150 150 150 149 149 149 148 148 148 148 148 148 148 147 147 147 147 147 147 147 147 147 147 147 147 147 147 147 147 147 147 147 147 147 147 147 147 147 147 147 148 148 148 148 149 149
154 154 154 154 155 155 156 156 156 156 156 156 156 156 156 156 155 155 154 154 155 155 154 154 154 153 153 153 153 153 152 152 152 152 152 152 152 151 151 151 151 150 150 150 150 150 149 149 149 149 149 149 148 148 148 148 148 147 147 148 147 147 147 147 147 147 147 147 147 147 147 147 147 147 147 147 147 147 147 147 147 147 147 147 147 147 148 148 148 148 148 148 149 149
153 154 153 153 154 154 154 155 155 155 155 155 155 155 155 155 155 154 154 154 154 154 154 153 153 153 152 152 152 152 152 152 152 152 151 151 151 150 150 150 150 150 150 149 149 149 149 149 149 148 148 148 148 148 148 147 147 147 147 147 147 147 147 147 147 147 147 147 147 147 147 147 147 147 147 147 147 147 147 147 147 147 147 147 147 147 148 148 148 148 148 148 149 149
152 153 152 152 153 153 153 154 154 154 154 154 154 154 154 154 154 153 153 153 153 153 153 153 152 152 152 152 152 152 152 151 151 151 150 150 150 150 150 149 149 149 149 149 149 148 148 148 148 148 148 147 147 147 147 147 147 147 147 147 147 147 147 146 146 146 146 146 147 147 147 147 147 147 147 147 147 147 147 147 147 147 147 147 147 147 147 147 148 148 148 148 149 149
151 152 152 152 152 152 153 153 153 153 153 153 154 154 153 153 153 153 152 152 152 152 152 152 152 152 151 151 151 151 150 150 150 150 150 150 150 150 149 149 149 149 149 148 148 148 148 148 148 147 147 147 147 147 147 147 146 146 146 146 146 146 146 146 146 146 146 146 146 146 146 146 146 147 147 147 147 147 147 147 147 147 147 147 147 147 147 148 148 148 148 149 149 149
150 151 151 151 151 152 152 152 152 152 153 153 153 153 153 153 152 152 152 152 152 152 152 151 151 151 151 151 151 150 150 150 150 150 149 149 149 149 149 149 148 148 148 148 148 147 147 147 147 147 147 147 146 146 146 146 146 146 146 146 146 146 146 146 146 146 146 146 146 146 146 146 146 146 146 147 147 147 147 147 147 147 147 147 147 147 148 148 148 148 149 149 149 150
149 150 150 151 151 151 151 151 151 151 152 152 152 152 152 152 152 152 151 151 151 151 151 151 150 150 150 150 150 149 150 149 149 149 149 148 148 148 148 148 148 148 148 147 147 147 147 147 147 146 146 146 146 146 146 146 146 146 145 145 145 145 146 146 146 146 146 146 146 146 146 146 146 146 146 146 147 147 147 147 147 147 147 147 147 148 148 148 148 149 149 149 149 150
149 149 150 150 150 150 150 150 150 150 151 151 151 151 151 151 151 151 151 151 150 150 150 150 150 149 149 149 149 149 149 149 149 148 148 148 148 148 148 147 147 147 147 147 147 146 146 146 146 146 146 146 146 146 146 145 145 145 145 145 145 145 145 145 145 145 145 145 146 146 146 146 146 146 146 146 146 146 147 147 147 147 147 147 148 148 148 148 148 148 149 149 149 150
