MUSICEvapDataQueryTool/BOMEvapData/etapapr.txt
ncols         417
nrows         337
xllcorner     112.15
yllcorner     -43.8
cellsize      0.1
NODATA_value  -9999
[rows 104 to 155 of 337, columns 96 to 191 of 417]
118 118 118 118 118 118 118 118 118 117 117 117 117 117 117 117 116 116 116 116 116 116 116 115 115 115 115 114 114 114 114 114 114 114 114 113 113 113 113 113 113 113 113 112 112 112 112 112 111 111 111 110 110 110 110 110 109 109 109 109 108 108 107 107 107 106 106 105 105 104 104 104 103 103 102 102 102 101 101 100 100 100 100 100 100 100 101 101 102 102 102 103 103 104 104 105
117 117 117 117 117 117 117 117 117 117 117 117 116 116 116 116 116 116 116 115 115 115 115 115 114 114 114 114 114 114 113 113 113 113 113 113 113 113 112 112 112 112 112 112 112 111 111 111 111 110 110 110 109 109 109 109 109 109 108 108 108 107 107 106 106 106 105 105 105 104 104 103 103 103 102 102 101 101 101 100 100 100 100 100 100 100 101 101 101 102 102 103 103 104 104 105
116 117 117 117 117 117 117 117 117 117 116 116 116 116 116 116 115 115 115 115 115 115 114 114 114 114 114 114 113 113 113 113 113 113 112 112 112 112 112 112 111 111 111 111 111 111 111 110 110 110 110 109 109 109 109 108 108 108 107 107 107 107 106 106 105 105 105 104 104 104 104 103 103 102 102 102 101 101 101 100 100 100 100 100 100 100 101 101 101 102 102 103 103 103 104 104
116 116 116 116 116 116 116 116 116 116 116 116 116 116 115 115 115 115 115 114 114 114 114 114 113 113 113 113 113 113 113 112 112 112 112 112 112 111 111 111 111 111 111 110 110 110 110 110 110 109 109 109 108 108 108 108 108 107 107 106 106 106 106 105 105 104 104 104 104 104 103 103 102 102 102 101 101 101 101 100 100 100 100 100 100 101 101 101 101 102 102 102 103 103 104 104
115 115 115 115 115 116 116 116 115 115 115 115 115 115 115 115 114 114 114 114 114 113 113 113 113 113 113 113 112 112 112 112 112 112 111 111 111 111 111 111 110 110 110 110 110 110 110 109 109 109 108 108 108 108 107 107 107 107 106 106 106 105 105 105 104 104 104 104 103 103 103 103 102 102 102 101 101 101 100 100 100 100 100 100 100 101 101 101 101 102 102 102 103 103 103 104
115 115 115 115 115 115 115 115 115 115 115 115 114 114 114 114 114 114 113 113 113 113 113 113 112 112 112 112 112 112 112 111 111 111 111 111 111 110 110 110 110 110 109 109 109 109 109 109 108 108 108 108 107 107 107 107 107 106 106 106 105 105 105 104 104 104 104 103 103 103 103 102 102 102 101 101 101 100 100 100 100 100 100 100 100 100 101 101 101 102 102 102 103 103 103 104
114 114 115 115 115 115 115 115 114 114 114 114 114 114 114 113 113 113 113 113 113 112 112 112 112 112 112 112 111 111 111 111 111 110 110 110 110 110 110 109 109 109 109 109 108 108 108 108 108 107 107 107 107 107 106 106 106 106 106 105 105 104 104 104 104 104 103 103 103 103 102 102 102 101 101 101 101 100 100 100 100 100 100 100 100 100 101 101 101 101 102 102 102 103 103 103
114 114 114 114 114 114 114 114 114 114 114 114 114 113 113 113 113 113 112 112 112 112 112 112 112 111 111 111 111 111 111 111 110 110 110 110 109 109 109 109 109 109 108 108 108 108 108 107 107 107 106 106 106 106 106 106 105 105 105 105 104 104 104 103 103 103 103 103 103 102 102 102 101 101 101 101 100 100 100 100 100 100 100 100 100 100 101 101 101 101 102 102 102 103 103 103
113 113 114 114 114 114 114 114 114 113 113 113 113 113 113 112 112 112 112 112 112 112 111 111 111 111 111 111 110 110 110 110 110 110 110 109 109 109 109 108 108 108 108 108 108 107 107 107 106 106 106 106 106 106 106 105 105 105 105 104 104 104 103 103 103 103 103 103 102 102 102 102 101 101 101 100 100 100 100 100 100 100 100 100 100 100 101 101 101 101 101 102 102 102 103 103
112 113 113 113 114 114 114 113 113 113 113 113 113 112 112 112 112 112 111 111 111 111 111 111 111 110 110 110 110 109 109 109 109 109 109 109 109 108 108 108 108 108 107 107 107 107 107 106 106 106 105 105 105 105 105 105 105 105 104 104 104 103 103 103 103 103 102 102 102 102 101 101 101 101 100 100 100 100 100 100 100 100 100 100 100 100 101 101 101 101 101 102 102 102 103 103
112 112 112 113 113 113 113 113 113 113 112 112 112 112 112 112 111 111 111 111 111 110 110 110 110 110 109 109 109 109 109 109 108 108 108 108 108 108 108 107 107 107 107 107 107 106 106 106 105 105 105 105 105 105 104 104 104 104 104 104 103 103 103 103 103 102 102 102 102 101 101 101 101 101 100 100 100 100 100 100 100 100 100 100 100 100 100 101 101 101 101 102 102 102 103 103
111 112 112 112 113 113 113 113 112 112 112 112 112 111 111 111 111 111 111 110 110 110 110 109 109 109 109 109 109 108 108 108 108 108 107 107 107 107 107 107 107 107 106 106 106 106 106 105 105 105 105 104 104 104 104 104 104 104 103 103 103 102 102 102 102 102 102 102 101 101 101 101 101 100 100 100 100 100 100 100 100 100 100 100 100 100 100 101 101 101 101 102 102 102 102 103
110 111 111 111 112 112 112 112 112 112 111 111 111 111 111 111 110 110 110 110 110 109 109 109 109 109 109 108 108 108 108 108 107 107 107 107 107 106 106 106 106 106 106 106 106 106 105 105 105 105 104 104 104 104 104 103 103 103 103 103 102 102 102 102 102 102 102 101 101 101 101 101 101 100 100 100 100 100 100 100 100 100 100 100 100 100 100 101 101 101 101 101 102 102 102 103
110 110 110 111 111 111 111 111 111 111 111 111 111 110 110 110 110 109 109 109 109 109 109 109 108 108 108 108 107 107 107 107 107 107 107 106 106 106 106 106 106 106 105 105 105 105 105 104 104 104 104 104 103 103 103 103 103 103 103 102 102 102 102 102 102 101 101 101 101 101 101 101 100 100 100 100 100 100 100 100 100 100 100 100 100 100 100 100 101 101 101 101 102 102 102 102
109 109 110 110 110 110 111 111 111 110 110 110 110 110 109 109 109 109 109 109 109 108 108 108 108 107 107 107 107 107 107 107 106 106 106 106 106 106 105 105 105 105 105 105 105 105 104 104 104 104 104 103 103 103 103 103 102 102 102 102 102 102 102 101 101 101 101 101 101 101 100 100 100 100 100 100 100 100 100 100 100 100 100 100 100 100 100 100 101 101 101 101 102 102 102 102
108 108 109 109 109 110 110 110 110 110 110 110 109 109 109 109 108 108 108 108 108 108 108 107 107 107 107 107 107 106 106 106 106 106 106 106 105 105 105 105 105 105 104 104 104 104 104 104 103 103 103 103 103 102 102 102 102 102 102 101 101 101 101 101 101 101 101 101 100 100 100 100 100 100 100 100 100 100 100 100 100 100 100 100 100 100 100 100 100 101 101 101 101 102 102 102
107 107 108 108 108 109 109 109 109 109 109 109 109 109 108 108 108 108 108 108 108 107 107 107 107 106 106 106 106 106 106 106 105 105 105 105 105 105 105 104 104 104 104 104 103 103 103 103 103 103 102 102 102 102 102 102 102 102 102 101 101 101 101 101 101 101 100 100 100 100 100 100 100 100 100 100 100 100 100 100 100 100 100 100 100 100 100 100 100 101 101 101 101 102 102 102
106 106 107 107 108 108 108 108 108 108 108 108 108 108 108 107 107 107 107 107 107 107 107 106 106 106 106 106 106 105 105 105 105 105 105 104 104 104 104 104 104 103 103 103 103 103 103 103 102 102 102 102 102 102 101 101 101 101 101 101 101 101 101 100 100 100 100 100 100 100 100 100 100 100 100 100 100 100 100 100 100 100 100 100 100 100 100 100 100 100 101 101 101 102 102 102
106 106 106 107 107 107 107 108 108 108 108 108 108 107 107 107 107 107 107 107 106 106 106 106 106 106 105 105 105 105 105 105 105 104 104 104 104 104 103 103 103 103 103 103 102 102 102 102 102 102 102 101 101 101 101 101 101 101 101 101 101 100 100 100 100 100 100 100 100 100 100 100 100 100 100 100 100 100 100 100 100 100 100 100 100 100 100 100 101 101 101 101 101 102 102 102
105 105 106 106 106 107 107 107 107 107 107 107 107 107 107 106 106 106 106 106 106 106 105 105 105 105 105 105 105 104 104 104 104 104 104 103 103 103 103 103 103 102 102 102 102 102 102 102 102 101 101 101 101 101 101 101 100 100 100 100 100 100 100 100 100 100 100 100 100 100 100 100 100 100 100 100 100 100 100 100 100 100 100 100 100 100 100 100 101 101 101 101 101 102 102 102
105 105 105 105 105 106 106 106 106 106 106 106 106 106 106 106 106 106 106 105 105 105 105 105 105 104 104 104 104 104 104 103 103 103 103 103 103 103 102 102 102 102 102 102 102 102 101 101 101 101 101 101 101 101 100 100 100 100 100 100 100 100 100 100 100 100 100 100 100 100 100 100 99 99 99 100 100 100 100 100 100 100 100 100 100 100 100 101 101 101 101 101 101 102 102 102
104 104 105 105 105 105 105 105 105 105 105 105 105 105 105 105 105 105 105 105 104 104 104 104 104 104 104 103 103 103 103 103 103 103 103 103 102 102 102 102 102 102 102 101 101 101 101 101 101 101 101 101 100 100 100 100 100 100 99 99 99 99 99 99 99 99 99 99 99 99 99 99 99 99 99 99 99 99 100 100 100 100 100 100 100 100 100 100 101 101 101 101 101 102 102 102
104 104 104 104 104 104 104 104 105 105 105 105 105 105 105 105 105 104 104 104 104 104 104 104 103 103 103 103 103 103 103 103 103 102 102 102 102 102 102 102 101 101 101 101 101 101 101 101 101 101 100 100 100 100 100 100 99 99 99 99 99 99 99 99 99 99 99 99 99 99 99 99 99 99 99 99 99 99 99 99 100 99 100 100 100 100 100 100 101 101 101 101 101 102 102 102
103 103 104 104 104 104 104 104 104 104 104 104 104 104 104 104 104 104 104 103 103 103 103 103 103 103 103 102 102 102 102 102 102 102 102 102 101 101 101 101 101 101 101 100 100 100 100 100 100 100 100 100 100 99 99 99 99 99 99 99 99 99 99 99 99 99 99 99 99 99 99 99 99 99 99 99 99 99 99 99 99 99 100 100 100 100 100 100 101 101 101 101 101 101 102 102
103 103 103 103 103 103 103 103 103 103 103 103 103 103 103 103 103 103 103 103 103 103 102 102 102 102 102 102 102 102 101 102 101 101 101 101 101 101 101 101 100 100 100 100 100 100 100 100 100 100 99 99 99 99 99 99 99 99 99 99 99 99 98 98 98 98 98 98 98 98 98 98 99 99 99 99 99 99 99 99 99 99 99 100 100 100 100 100 101 101 101 101 101 101 101 102
102 102 102 103 103 103 103 103 103 103 103 103 103 103 103 103 103 103 102 102 102 102 102 102 102 102 101 101 101 101 101 101 101 101 101 101 101 100 100 100 100 100 100 100 100 100 100 100 100 99 99 99 99 99 99 99 98 98 98 98 98 98 98 98 98 98 98 98 98 98 98 98 98 98 99 99 99 99 99 99 99 99 99 99 100 100 100 100 100 101 101 101 101 101 101 101
102 102 102 102 102 102 102 102 102 102 102 102 102 102 102 102 102 102 102 102 102 102 101 101 101 101 101 101 101 101 101 100 100 100 100 100 100 100 100 100 100 99 99 99 99 99 99 99 99 99 99 99 99 98 98 98 98 98 98 98 98 98 98 98 98 98 98 98 98 98 98 98 98 98 98 98 98 98 99 99 99 99 99 99 99 99 99 100 100 100 100 101 101 101 101 100
101 101 102 102 102 102 102 102 102 102 102 102 102 102 102 102 101 101 101 101 101 101 101 101 101 101 100 100 100 100 100 100 100 100 100 100 99 99 99 99 99 99 99 99 99 99 99 99 99 99 99 98 98 98 98 98 98 98 98 98 97 97 97 97 97 97 98 98 98 98 98 98 98 98 98 97 98 98 98 98 99 99 99 99 99 99 99 100 100 100 100 100 101 101 101 100
101 101 101 101 101 101 101 101 101 101 101 101 101 101 101 101 101 101 101 101 101 100 100 100 100 100 100 100 100 100 100 99 99 99 99 99 99 99 99 99 99 99 99 98 98 98 98 98 98 98 98 98 98 98 98 98 97 97 97 97 97 97 97 97 97 97 97 97 98 98 98 98 98 98 98 98 98 98 98 98 98 98 99 99 99 99 99 100 100 100 100 100 100 100 101 101
100 100 100 101 101 101 101 101 101 101 101 101 101 101 101 100 100 100 100 100 100 100 100 100 100 99 99 99 99 99 99 99 99 99 99 99 99 98 98 98 98 98 98 98 98 98 98 98 98 97 97 97 97 97 97 97 97 97 97 97 97 97 97 97 97 97 97 97 97 97 97 97 98 98 98 98 98 98 98 98 98 98 99 99 99 99 99 100 100 100 100 100 100 100 101 101
100 100 100 100 100 100 100 100 100 100 100 100 100 100 100 100 100 100 99 99 99 99 99 99 99 99 99 99 99 99 99 99 98 98 98 98 98 98 98 98 98 98 98 98 98 98 98 98 97 97 97 97 97 97 97 97 97 97 97 97 97 97 96 96 96 97 97 97 97 97 97 97 97 97 97 97 97 97 98 98 98 98 98 99 99 99 99 99 99 100 100 100 100 100 101 101
99 99 99 100 100 100 100 100 100 100 100 100 100 100 99 99 99 99 99 99 99 99 99 99 98 98 98 98 98 98 98 98 98 98 98 98 98 97 97 97 97 97 97 97 97 97 97 97 97 97 96 96 96 96 96 96 97 97 97 96 96 96 96 96 96 96 96 96 96 97 97 97 97 97 97 97 97 97 98 98 98 98 98 98 99 99 99 99 99 99 100 100 100 100 100 100
99 99 99 99 99 99 99 99 99 99 99 99 99 99 99 99 98 98 98 98 98 98 98 98 98 98 98 98 98 98 98 98 97 97 97 97 97 97 97 97 97 97 97 97 97 97 97 97 96 96 96 96 96 96 96 96 96 96 96 96 96 96 96 96 96 96 96 96 96 96 96 96 97 97 97 97 97 97 97 98 98 98 98 98 98 99 99 99 99 99 100 100 100 100 100 100
98 98 98 98 98 98 98 98 98 98 98 99 99 98 98 98 98 98 98 98 98 98 98 98 97 97 97 97 97 97 97 97 97 97 97 97 97 97 97 97 96 96 96 96 96 96 96 96 96 96 96 96 96 96 95 95 96 96 96 96 96 95 96 96 96 96 96 96 95 96 96 96 96 96 96 97 97 97 97 97 98 98 98 98 98 98 99 99 99 99 99 100 100 100 100 100
98 98 98 98 98 98 98 98 98 98 98 98 98 98 98 98 98 98 98 97 97 97 97 97 97 97 97 97 97 97 97 97 97 97 96 96 96 96 96 96 96 96 96 96 96 96 96 96 95 95 95 95 95 95 95 95 95 95 96 95 95 95 95 95 95 95 95 95 95 96 96 96 96 96 96 96 97 97 97 97 97 98 98 98 98 98 98 99 99 99 99 99 99 100 100 100
97 97 97 97 97 97 97 97 97 97 97 97 97 97 97 97 97 97 97 97 97 97 97 97 97 97 96 96 96 96 96 96 96 96 96 96 96 96 96 96 96 96 96 96 96 96 95 95 95 95 95 95 95 95 95 95 95 95 95 95 95 95 95 95 95 95 95 95 95 96 96 96 96 96 96 96 96 97 97 97 97 97 98 98 98 98 98 99 99 99 99 99 99 100 100 100
97 97 97 97 97 97 97 97 97 97 97 97 97 97 97 97 96 96 96 96 96 96 96 96 96 96 96 96 96 96 96 96 96 96 95 95 95 95 95 95 95 95 95 95 95 95 95 95 95 94 95 95 95 95 94 94 94 94 95 95 95 94 94 94 94 95 95 95 95 95 95 95 96 96 96 96 96 96 97 97 97 97 97 98 98 98 98 98 99 99 99 99 100 100 100 100
96 97 97 97 97 96 96 96 96 96 96 96 96 96 96 96 96 96 96 96 96 96 96 96 96 96 96 95 95 95 95 95 95 95 95 95 95 95 95 95 95 95 95 95 95 95 95 94 94 94 94 94 94 94 94 94 94 94 94 94 94 94 94 94 94 94 94 95 95 95 95 95 95 95 95 96 96 96 96 96 97 97 97 97 98 98 98 98 98 99 99 99 99 100 100 100
96 96 96 96 96 96 96 96 96 96 96 96 96 96 96 96 95 95 95 95 95 95 95 95 95 95 95 95 95 95 95 95 95 95 95 94 94 94 94 94 94 94 94 94 94 94 94 94 94 94 94 94 94 94 94 94 94 94 94 94 94 94 94 94 94 94 94 94 94 95 95 95 95 95 95 95 95 96 96 96 96 97 97 97 97 98 98 98 98 98 99 99 99 99 100 100
96 96 96 96 96 95 95 95 95 95 95 95 95 95 95 95 95 95 95 95 95 95 95 95 94 94 95 94 94 94 94 94 94 94 94 94 94 94 94 94 94 94 94 94 94 94 94 94 94 93 93 93 94 94 94 94 93 94 94 93 94 94 94 94 94 94 94 94 94 94 94 94 94 94 95 95 95 95 95 96 96 96 96 97 97 97 97 98 98 98 98 99 99 99 99 99
96 95 95 95 95 95 95 95 95 95 95 95 95 95 94 94 94 94 94 94 94 94 94 94 94 94 94 94 94 94 94 94 94 94 94 94 94 94 94 94 93 93 93 94 93 93 93 93 93 93 93 93 93 93 93 93 93 93 93 93 93 93 93 93 93 93 93 93 93 93 94 94 94 94 94 94 94 94 95 95 95 96 96 96 96 97 97 97 98 98 98 98 98 99 99 99
95 95 95 95 95 94 94 94 94 94 94 94 94 94 94 94 94 94 94 94 94 94 94 94 94 94 94 94 94 94 93 93 93 93 93 93 93 93 93 93 93 93 93 93 93 93 93 93 93 93 93 93 93 93 93 93 93 93 93 93 93 93 93 93 93 93 93 93 93 93 93 93 93 94 94 94 94 94 94 95 95 95 95 96 96 96 97 97 97 97 98 98 98 98 98 98
95 95 94 94 94 94 94 94 94 94 94 94 94 94 93 93 93 93 93 93 93 93 93 93 93 93 93 93 93 93 93 93 93 93 93 93 93 93 93 93 93 93 93 93 93 92 92 92 92 92 92 92 92 92 93 93 93 93 93 92 92 92 92 92 92 92 92 92 92 92 93 92 92 93 93 93 93 94 94 94 94 95 95 95 95 96 96 96 96 97 97 97 97 98 98 98
94 94 94 94 94 94 94 94 93 93 93 93 93 93 93 93 93 93 93 93 93 93 93 93 93 93 93 93 93 93 93 92 92 92 92 92 92 92 92 92 92 92 92 92 92 92 92 92 92 92 92 92 92 92 92 92 92 92 92 92 92 92 92 92 92 92 92 92 92 92 92 91 92 92 92 93 93 93 93 94 94 94 94 95 95 95 95 95 96 96 96 97 97 97 97 97
94 94 94 94 93 93 93 93 93 93 93 93 93 93 93 93 93 93 92 92 92 92 92 92 92 92 92 92 92 92 92 92 92 92 92 92 92 92 92 92 92 92 92 92 92 92 92 91 91 91 92 92 92 92 92 92 92 92 92 92 92 92 91 91 91 91 91 91 92 92 92 91 92 92 92 92 92 92 93 93 93 93 94 94 94 95 95 95 95 96 96 96 96 96 96 96
93 93 93 93 93 93 93 93 93 92 92 92 92 92 92 92 92 92 92 92 92 92 92 92 92 92 92 92 92 92 92 92 92 92 92 92 92 92 92 92 92 92 92 92 91 91 91 91 91 91 91 91 91 91 91 91 91 91 91 91 91 91 91 91 91 91 91 91 91 91 91 91 91 91 91 92 92 92 92 92 93 93 93 93 94 94 94 94 95 95 95 95 95 95 95 95
93 93 93 93 92 92 92 92 92 92 92 92 92 92 92 92 92 92 92 92 91 91 91 91 91 91 91 91 91 91 91 91 91 91 91 91 91 91 91 91 91 91 91 91 91 91 91 91 91 91 91 91 91 91 91 91 91 91 91 91 91 91 91 91 91 91 91 91 91 91 91 91 91 91 91 91 91 91 91 92 92 92 93 93 93 93 94 94 94 93 94 95 95 95 95 95
93 93 92 92 92 92 92 92 92 92 92 92 91 91 91 91 91 91 91 91 91 91 91 91 91 91 91 91 91 91 91 91 91 91 91 91 91 91 91 91 91 91 91 91 91 91 90 90 90 90 91 90 90 90 90 90 90 90 90 90 90 90 90 90 90 90 90 90 90 90 90 90 90 90 91 91 91 91 91 91 91 92 92 92 93 93 93 93 93 93 94 94 93 94 94 94
92 92 92 92 92 92 91 91 91 91 91 91 91 91 91 91 91 91 91 91 91 91 91 91 91 91 90 91 91 91 91 91 91 90 91 91 91 91 91 91 91 90 90 90 90 90 90 90 90 90 90 90 90 90 90 90 90 90 90 90 90 90 90 90 90 90 90 90 90 90 90 90 90 90 90 90 90 90 91 91 91 91 91 91 91 92 92 92 93 93 93 93 93 93 93 93
92 92 92 91 91 91 91 91 91 91 91 91 90 90 90 90 90 90 90 90 90 90 90 90 90 90 90 90 90 90 90 90 90 90 90 90 90 90 90 90 90 90 90 90 90 90 90 90 90 89 90 90 89 89 89 89 89 89 89 89 90 89 89 89 90 90 90 90 90 90 90 90 90 90 90 90 90 90 90 90 90 91 91 91 90 91 92 92 92 92 92 92 92 92 92 92
92 92 92 91 91 91 91 91 90 90 90 90 90 90 90 90 90 90 90 90 90 90 90 90 90 90 90 90 90 90 90 90 90 90 90 90 90 90 90 90 90 90 89 89 89 89 89 89 89 89 89 89 89 89 89 89 89 89 89 89 89 89 89 89 89 89 89 89 89 89 89 89 89 89 89 90 90 90 90 90 90 90 90 90 90 91 91 91 91 91 91 91 92 91 92 91
92 91 91 91 91 91 91 90 90 90 90 90 90 89 89 89 89 89 89 90 90 89 89 89 89 90 90 89 90 90 90 90 90 89 89 89 89 89 90 89 89 89 89 89 89 89 89 89 89 89 89 89 89 89 89 89 89 89 89 89 89 89 89 89 89 89 89 88 89 89 89 89 89 89 89 89 89 89 89 89 90 90 90 90 90 90 90 90 90 90 90 91 91 91 91 91
