MUSICEvapDataQueryTool/BOMEvapData/etapjun.txt
ncols         417
nrows         337
xllcorner     112.15
yllcorner     -43.8
cellsize      0.1
NODATA_value  -9999
[rows 0 to 54 of 337, columns 96 to 191 of 417]
138 138 138 138 139 139 139 139 139 140 140 140 140 140 141 141 141 141 141 142 142 142 142 142 142 143 143 143 143 143 143 144 144 144 144 144 144 144 145 145 145 145 145 145 145 145 145 146 146 146 146 146 146 146 146 146 146 146 146 146 146 146 146 146 146 146 146 146 146 146 146 146 146 146 146 146 146 146 146 146 146 146 146 146 146 146 146 146 146 146 146 146 146 146 146 146
137 137 138 138 138 138 138 139 139 139 139 139 140 140 140 140 140 141 141 141 141 141 142 142 142 142 142 142 143 143 143 143 143 143 144 144 144 144 144 144 144 145 145 145 145 145 145 145 145 145 145 145 145 145 145 145 146 146 146 146 146 146 146 146 146 146 146 146 145 145 145 145 145 145 145 145 145 145 145 145 145 145 145 145 145 145 145 145 145 145 145 145 145 145 146 146
137 137 137 137 137 138 138 138 138 138 139 139 139 139 140 140 140 140 140 141 141 141 141 141 141 142 142 142 142 142 143 143 143 143 143 143 143 144 144 144 144 144 144 144 144 144 145 145 145 145 145 145 145 145 145 145 145 145 145 145 145 145 145 145 145 145 145 145 145 145 145 145 145 145 145 145 145 145 145 145 145 145 145 144 144 144 145 145 145 145 145 145 145 145 145 145
136 136 137 137 137 137 137 138 138 138 138 138 139 139 139 139 139 140 140 140 140 140 141 141 141 141 141 142 142 142 142 142 142 143 143 143 143 143 143 143 144 144 144 144 144 144 144 144 144 144 144 144 144 144 145 145 145 145 145 145 145 145 145 145 145 145 145 145 144 144 144 144 144 144 144 144 144 144 144 144 144 144 144 144 144 144 144 144 144 144 144 144 144 144 144 144
136 136 136 136 136 137 137 137 137 137 138 138 138 138 138 139 139 139 139 140 140 140 140 140 140 141 141 141 141 141 142 142 142 142 142 142 143 143 143 143 143 143 143 143 143 144 144 144 144 144 144 144 144 144 144 144 144 144 144 144 144 144 144 144 144 144 144 144 144 144 144 144 144 144 144 144 144 144 143 143 143 143 143 143 143 143 143 143 143 143 143 143 144 144 144 144
135 135 135 136 136 136 136 136 137 137 137 137 138 138 138 138 138 139 139 139 139 139 140 140 140 140 140 141 141 141 141 141 141 142 142 142 142 142 142 142 143 143 143 143 143 143 143 143 143 143 143 144 144 144 144 144 144 144 144 144 144 144 144 144 144 144 144 144 143 143 143 143 143 143 143 143 143 143 143 143 143 143 143 143 143 143 143 143 143 143 143 143 143 143 143 143
134 135 135 135 135 135 136 136 136 136 137 137 137 137 137 138 138 138 138 138 139 139 139 139 140 140 140 140 140 140 141 141 141 141 141 141 142 142 142 142 142 142 142 142 143 143 143 143 143 143 143 143 143 143 143 143 143 143 143 143 143 143 143 143 143 143 143 143 143 143 143 143 143 143 143 143 143 142 142 142 142 142 142 142 142 142 142 142 142 142 142 142 142 142 143 143
134 134 134 135 135 135 135 135 136 136 136 136 136 137 137 137 137 138 138 138 138 138 139 139 139 139 139 140 140 140 140 140 141 141 141 141 141 141 141 142 142 142 142 142 142 142 142 142 142 143 143 143 143 143 143 143 143 143 143 143 143 143 143 143 143 143 143 143 142 142 142 142 142 142 142 142 142 142 142 142 142 142 142 141 141 141 141 141 141 141 142 142 142 142 142 142
133 134 134 134 134 134 135 135 135 135 135 136 136 136 136 137 137 137 137 137 138 138 138 138 139 139 139 139 139 140 140 140 140 140 140 141 141 141 141 141 141 141 141 142 142 142 142 142 142 142 142 142 142 142 142 142 142 142 142 142 142 142 142 142 142 142 142 142 142 142 142 142 142 142 142 141 141 141 141 141 141 141 141 141 141 141 141 141 141 141 141 141 141 141 141 141
133 133 133 133 134 134 134 134 134 135 135 135 135 136 136 136 136 136 137 137 137 137 138 138 138 138 138 139 139 139 139 139 140 140 140 140 140 140 141 141 141 141 141 141 141 141 141 141 142 142 142 142 142 142 142 142 142 142 142 142 142 142 142 142 142 142 142 142 141 141 141 141 141 141 141 141 141 141 141 141 141 140 140 140 140 140 140 140 140 140 140 140 140 141 141 141
132 132 133 133 133 133 133 134 134 134 134 135 135 135 135 136 136 136 136 136 137 137 137 137 138 138 138 138 138 139 139 139 139 139 139 140 140 140 140 140 140 140 141 141 141 141 141 141 141 141 141 141 141 141 141 141 141 141 141 141 141 141 141 141 141 141 141 141 141 141 141 141 141 141 141 140 140 140 140 140 140 140 140 140 140 139 140 139 139 140 140 140 140 140 140 140
132 132 132 132 132 133 133 133 133 134 134 134 134 134 135 135 135 135 136 136 136 136 137 137 137 137 137 138 138 138 138 138 139 139 139 139 139 139 140 140 140 140 140 140 140 140 141 141 141 141 141 141 141 141 141 141 141 141 141 141 141 141 141 141 141 141 141 141 140 140 140 140 140 140 140 140 140 140 140 140 139 139 139 139 139 139 139 139 139 139 139 139 139 140 140 140
131 131 131 132 132 132 132 133 133 133 133 133 134 134 134 134 135 135 135 135 136 136 136 136 136 137 137 137 137 138 138 138 138 138 139 139 139 139 139 139 139 140 140 140 140 140 140 140 140 140 140 140 140 140 140 140 140 140 140 140 140 140 140 140 140 140 140 140 140 140 140 140 140 140 139 139 139 139 139 139 139 139 139 139 138 138 138 138 138 138 139 139 139 139 139 139
130 131 131 131 131 132 132 132 132 132 133 133 133 133 134 134 134 134 135 135 135 135 136 136 136 136 136 137 137 137 137 137 138 138 138 138 138 139 139 139 139 139 139 139 139 140 140 140 140 140 140 140 140 140 140 140 140 140 140 140 140 140 140 140 140 140 140 140 139 139 139 139 139 139 139 139 139 139 139 138 138 138 138 138 138 138 138 138 138 138 138 138 138 138 138 139
130 130 130 130 131 131 131 131 132 132 132 132 133 133 133 133 134 134 134 134 135 135 135 135 135 136 136 136 136 137 137 137 137 137 138 138 138 138 138 138 139 139 139 139 139 139 139 139 139 139 139 139 139 139 139 139 139 139 139 139 139 139 139 139 139 139 139 139 139 139 139 139 139 139 138 138 138 138 138 138 138 138 138 137 137 137 137 137 137 138 138 138 138 138 138 138
129 129 130 130 130 130 131 131 131 131 132 132 132 132 132 133 133 133 133 134 134 134 134 135 135 135 135 136 136 136 136 137 137 137 137 137 137 138 138 138 138 138 138 138 139 139 139 139 139 139 139 139 139 139 139 139 139 139 139 139 139 139 139 139 139 139 139 138 138 138 138 138 138 138 138 138 138 138 138 137 137 137 137 137 137 137 137 137 137 137 137 137 137 137 137 137
129 129 129 129 130 130 130 130 130 131 131 131 131 132 132 132 132 133 133 133 133 134 134 134 134 135 135 135 135 136 136 136 136 136 137 137 137 137 137 138 138 138 138 138 138 138 138 138 138 138 138 139 139 139 139 139 139 138 138 138 138 138 138 138 138 138 138 138 138 138 138 138 138 138 137 137 137 137 137 137 137 137 137 137 136 136 136 136 136 136 136 137 137 136 136 137
128 128 128 129 129 129 129 130 130 130 130 131 131 131 131 132 132 132 132 133 133 133 133 134 134 134 134 135 135 135 135 136 136 136 136 136 137 137 137 137 137 137 137 138 138 138 138 138 138 138 138 138 138 138 138 138 138 138 138 138 138 138 138 138 138 138 138 137 137 137 137 137 137 137 137 137 137 137 137 136 136 136 136 136 136 136 136 136 136 136 136 136 136 136 136 136
127 128 128 128 128 129 129 129 129 130 130 130 130 131 131 131 131 132 132 132 132 133 133 133 133 134 134 134 134 135 135 135 135 135 136 136 136 136 136 137 137 137 137 137 137 137 137 137 138 138 138 138 138 138 138 138 138 138 137 137 137 137 137 137 137 137 137 137 137 137 137 137 137 137 136 136 136 136 136 136 136 136 136 136 136 135 135 135 135 135 135 135 135 135 135 135
127 127 127 127 128 128 128 128 129 129 129 129 130 130 130 130 131 131 131 131 132 132 132 133 133 133 133 134 134 134 134 135 135 135 135 135 136 136 136 136 136 136 137 137 137 137 137 137 137 137 137 137 137 137 137 137 137 137 137 137 137 137 137 137 137 137 137 136 136 136 136 136 136 136 136 136 136 136 136 135 135 135 135 135 135 135 135 135 135 135 135 135 135 135 135 135
126 126 127 127 127 127 128 128 128 128 129 129 129 129 130 130 130 130 131 131 131 131 132 132 132 132 133 133 133 134 134 134 134 134 135 135 135 135 136 136 136 136 136 136 136 136 137 137 137 137 137 137 137 137 137 137 137 137 136 136 136 136 136 136 136 136 136 136 136 136 136 136 136 135 135 135 135 135 135 135 135 135 135 135 135 134 134 134 134 134 134 134 134 134 134 134
126 126 126 126 126 127 127 127 127 128 128 128 128 129 129 129 130 130 130 130 131 131 131 131 132 132 132 132 133 133 133 134 134 134 134 134 135 135 135 135 135 136 136 136 136 136 136 136 136 136 136 136 136 136 136 136 136 136 136 136 136 136 136 136 136 136 135 135 135 135 135 135 135 135 135 135 135 135 135 134 134 134 134 134 134 134 134 134 134 134 134 134 134 134 134 134
125 125 125 126 126 126 126 127 127 127 127 128 128 128 128 129 129 129 129 130 130 130 131 131 131 131 132 132 132 132 133 133 133 133 134 134 134 134 135 135 135 135 135 135 135 136 136 136 136 136 136 136 136 136 136 136 136 135 135 135 135 135 135 135 135 135 135 135 135 135 135 135 135 134 134 134 134 134 134 134 134 134 134 134 134 134 133 133 133 133 133 133 133 133 133 133
124 125 125 125 125 125 126 126 126 126 127 127 127 128 128 128 128 129 129 129 129 130 130 130 131 131 131 131 132 132 132 132 133 133 133 133 134 134 134 134 135 135 135 135 135 135 135 135 135 135 135 135 135 135 135 135 135 135 135 135 135 135 135 135 135 134 134 134 134 134 134 134 134 134 134 134 134 134 134 133 133 133 133 133 133 133 133 133 133 133 133 133 133 132 132 132
124 124 124 124 125 125 125 125 126 126 126 126 127 127 127 127 128 128 128 129 129 129 129 130 130 130 131 131 131 131 132 132 132 132 133 133 133 133 134 134 134 134 134 134 135 135 135 135 135 135 135 135 135 135 135 135 135 134 134 134 134 134 134 134 134 134 134 134 134 134 134 133 133 133 133 133 133 133 133 133 133 133 133 133 133 133 133 132 132 132 132 132 132 132 132 132
123 123 123 124 124 124 124 125 125 125 125 126 126 126 127 127 127 127 128 128 128 128 129 129 129 130 130 130 131 131 131 131 132 132 132 132 133 133 133 133 134 134 134 134 134 134 134 134 134 134 134 134 134 134 134 134 134 134 134 134 134 134 134 133 133 133 133 133 133 133 133 133 133 133 133 133 133 133 132 132 132 132 132 132 132 132 132 132 132 132 132 132 131 131 131 131
122 123 123 123 123 124 124 124 124 125 125 125 125 126 126 126 126 127 127 127 128 128 128 128 129 129 129 130 130 130 131 131 131 131 132 132 132 132 133 133 133 133 133 134 134 134 134 134 134 134 134 134 134 134 134 133 133 133 133 133 133 133 133 133 133 133 133 133 133 132 132 132 132 132 132 132 132 132 132 132 132 132 132 132 132 131 132 131 131 131 131 131 131 131 130 130
122 122 122 122 123 123 123 123 124 124 124 124 125 125 125 126 126 126 126 127 127 127 128 128 128 128 129 129 129 130 130 130 131 131 131 131 132 132 132 132 133 133 133 133 133 133 133 133 133 133 133 133 133 133 133 133 133 133 133 133 133 132 132 132 132 132 132 132 132 132 132 132 132 132 132 132 132 131 131 131 131 131 131 131 131 131 131 131 131 131 131 130 130 130 130 130
121 121 121 122 122 122 122 123 123 123 124 124 124 124 125 125 125 125 126 126 126 127 127 127 128 128 128 128 129 129 129 130 130 130 131 131 131 131 132 132 132 132 133 133 133 133 133 133 133 133 133 133 133 133 132 132 132 132 132 132 132 132 132 132 132 132 131 131 131 131 131 131 131 131 131 131 131 131 131 131 131 131 131 131 131 131 131 130 130 130 130 130 130 129 129 129
120 121 121 121 121 122 122 122 122 123 123 123 123 124 124 124 124 125 125 125 126 126 126 127 127 127 127 128 128 128 129 129 129 130 130 130 131 131 131 131 132 132 132 132 132 132 132 132 132 132 132 132 132 132 132 132 132 132 131 131 131 131 131 131 131 131 131 131 131 131 131 131 131 130 130 130 130 130 130 130 130 130 130 130 130 130 130 130 130 130 129 129 129 129 128 128
120 120 120 120 121 121 121 121 122 122 122 122 123 123 123 124 124 124 124 125 125 125 126 126 126 127 127 127 127 128 128 128 129 129 129 130 130 130 131 131 131 131 132 132 132 132 132 132 132 132 132 132 131 131 131 131 131 131 131 131 131 131 131 130 130 130 130 130 130 130 130 130 130 130 130 130 130 130 130 130 130 130 130 129 130 129 129 129 129 129 129 129 128 128 128 127
119 119 119 120 120 120 120 121 121 121 121 122 122 122 123 123 123 123 124 124 124 125 125 125 126 126 126 126 127 127 127 128 128 128 129 129 129 130 130 130 131 131 131 131 131 131 131 131 131 131 131 131 131 131 131 130 130 130 130 130 130 130 130 130 130 130 130 130 130 129 129 129 129 129 129 129 129 129 129 129 129 129 129 129 129 129 129 129 129 128 128 128 128 127 127 127
118 119 119 119 119 120 120 120 120 121 121 121 121 122 122 122 122 123 123 123 124 124 124 125 125 125 126 126 126 126 127 127 127 128 128 128 129 129 130 130 130 130 131 131 131 131 131 131 131 131 130 130 130 130 130 130 130 130 130 129 129 129 129 129 129 129 129 129 129 129 129 129 129 129 129 129 129 128 128 128 128 128 128 128 128 128 128 128 128 128 128 127 127 127 126 126
118 118 118 118 119 119 119 119 120 120 120 120 121 121 121 121 122 122 122 123 123 123 124 124 124 125 125 125 125 126 126 126 127 127 127 128 128 129 129 129 130 130 130 130 131 130 130 130 130 130 130 130 130 129 129 129 129 129 129 129 129 129 129 128 128 128 128 128 128 128 128 128 128 128 128 128 128 128 128 128 128 128 128 128 128 128 128 128 128 127 127 127 126 126 125 125
117 117 117 118 118 118 118 119 119 119 119 120 120 120 121 121 121 121 122 122 122 123 123 123 123 124 124 124 125 125 125 126 126 126 127 127 128 128 128 129 129 129 130 130 130 130 130 130 129 129 129 129 129 129 129 128 128 128 128 128 128 128 128 128 128 128 128 128 128 127 127 127 127 127 127 127 127 127 127 127 127 127 127 127 127 127 127 127 127 127 126 126 126 125 125 124
116 116 117 117 117 117 118 118 118 118 119 119 119 120 120 120 120 121 121 121 122 122 122 122 123 123 123 124 124 124 125 125 125 126 126 126 127 127 128 128 128 129 129 129 129 129 129 129 129 129 128 128 128 128 128 128 128 127 127 127 127 127 127 127 127 127 127 127 127 127 127 127 127 127 127 127 127 126 126 126 126 126 126 126 126 126 126 126 126 126 126 125 125 124 124 123
115 116 116 116 116 117 117 117 117 118 118 118 119 119 119 119 120 120 120 121 121 121 121 122 122 122 123 123 123 124 124 124 125 125 125 126 126 126 127 127 128 128 128 129 129 129 128 128 128 128 128 128 127 127 127 127 127 127 127 127 126 126 126 126 126 126 126 126 126 126 126 126 126 126 126 126 126 126 126 126 126 126 126 126 126 126 126 126 126 125 125 124 124 123 123 122
115 115 115 115 116 116 116 116 117 117 117 118 118 118 118 119 119 119 119 120 120 120 121 121 121 122 122 122 123 123 123 124 124 124 125 125 125 126 126 126 127 127 127 128 128 128 127 127 127 127 127 127 127 126 126 126 126 126 126 126 126 126 126 126 126 125 125 125 125 125 125 125 125 125 125 125 125 125 125 125 125 125 125 125 125 125 125 125 125 124 124 123 123 122 122 121
114 114 115 115 115 115 115 116 116 116 117 117 117 117 118 118 118 118 119 119 119 120 120 120 121 121 121 121 122 122 122 123 123 123 124 124 124 125 125 125 126 126 126 127 127 127 127 126 126 126 126 126 126 126 126 125 125 125 125 125 125 125 125 125 125 125 125 125 125 125 125 125 125 124 124 124 124 124 124 124 124 124 124 124 124 124 124 124 124 123 123 122 122 121 121 120
113 114 114 114 114 115 115 115 115 116 116 116 116 117 117 117 117 118 118 118 119 119 119 119 120 120 120 121 121 121 122 122 122 123 123 123 123 124 124 125 125 125 125 125 126 126 126 125 125 125 125 125 125 125 125 125 125 124 124 124 124 124 124 124 124 124 124 124 124 124 124 124 124 124 124 124 124 124 124 124 123 123 123 123 123 123 123 123 123 122 122 121 121 120 120 119
113 113 113 113 114 114 114 114 115 115 115 115 116 116 116 116 117 117 117 118 118 118 118 119 119 119 120 120 120 120 121 121 121 122 122 122 123 123 123 123 124 124 124 124 124 124 124 124 124 124 124 124 124 124 124 124 124 124 123 123 123 123 123 123 123 123 123 123 123 123 123 123 123 123 123 123 123 123 123 123 123 122 122 122 122 122 122 122 121 121 121 120 120 119 119 118
112 112 112 113 113 113 113 114 114 114 114 115 115 115 115 116 116 116 116 117 117 117 118 118 118 119 119 119 119 120 120 120 121 121 121 121 122 122 122 122 123 123 123 123 123 123 123 123 123 123 123 123 123 123 123 123 123 123 123 123 123 122 122 122 122 122 122 122 122 122 122 122 122 122 122 122 122 122 122 122 122 122 122 121 121 121 121 121 120 120 120 119 119 118 118 117
111 111 112 112 112 112 113 113 113 113 114 114 114 114 115 115 115 115 116 116 116 117 117 117 117 118 118 118 119 119 119 119 120 120 120 120 121 121 121 121 122 122 122 122 122 122 122 122 122 122 122 122 122 122 122 122 122 122 122 122 122 121 122 122 122 122 122 122 122 122 122 122 122 122 121 121 121 121 121 121 121 121 121 121 120 120 120 120 119 119 119 118 118 117 117 116
110 111 111 111 111 112 112 112 112 113 113 113 113 114 114 114 114 115 115 115 115 116 116 116 117 117 117 117 118 118 118 119 119 119 119 120 120 120 120 120 121 121 121 121 121 121 121 121 121 121 121 121 121 121 121 121 121 121 121 121 121 121 121 121 121 121 121 121 121 121 121 121 121 121 121 121 120 120 120 120 120 120 120 120 120 119 119 119 118 118 118 117 117 116 116 115
110 110 110 110 111 111 111 111 111 112 112 112 113 113 113 113 114 114 114 114 115 115 115 116 116 116 116 117 117 117 117 118 118 118 118 119 119 119 119 119 120 120 120 120 120 120 120 120 120 120 120 120 120 120 120 120 120 120 120 120 120 120 120 120 120 120 120 120 120 120 120 120 120 120 120 120 120 120 119 119 119 119 119 119 119 118 118 118 117 117 117 116 116 115 115 114
109 109 109 110 110 110 110 110 111 111 111 111 112 112 112 113 113 113 113 114 114 114 114 115 115 115 116 116 116 116 117 117 117 117 118 118 118 118 118 118 119 119 119 119 119 119 119 119 119 119 119 119 119 119 119 119 119 119 119 119 119 119 119 119 119 119 119 119 119 119 119 119 119 119 119 119 119 119 119 119 118 118 118 118 117 117 117 117 116 116 116 115 115 114 114 113
108 108 109 109 109 109 109 110 110 110 110 111 111 111 111 112 112 112 113 113 113 113 114 114 114 114 115 115 115 115 116 116 116 116 117 117 117 117 117 117 117 118 118 118 118 118 118 118 118 118 118 118 118 118 118 118 118 118 118 118 118 118 118 118 118 118 118 119 119 119 119 119 119 118 118 118 118 118 118 118 117 117 117 117 117 116 116 116 115 115 115 114 114 114 113 113
107 108 108 108 108 108 109 109 109 109 110 110 110 110 111 111 111 111 112 112 112 113 113 113 113 114 114 114 114 115 115 115 115 115 116 116 116 116 116 116 116 116 116 116 116 116 116 117 117 117 117 117 117 117 117 117 117 117 117 117 117 117 117 117 117 118 118 118 118 118 118 118 118 118 118 118 117 117 117 117 117 116 116 116 116 115 115 115 115 114 114 113 113 113 112 112
107 107 107 107 107 108 108 108 108 109 109 109 109 110 110 110 110 111 111 111 111 112 112 112 112 113 113 113 113 114 114 114 114 115 115 115 115 115 115 115 115 115 115 115 115 115 115 115 115 116 116 116 116 116 116 116 116 116 116 116 116 116 116 116 117 117 117 117 117 117 117 117 117 117 117 117 117 116 116 116 116 116 115 115 115 114 114 114 113 113 113 113 112 112 111 111
106 106 106 106 107 107 107 107 108 108 108 108 109 109 109 109 110 110 110 110 111 111 111 111 112 112 112 112 113 113 113 113 114 114 114 114 114 114 115 114 114 114 114 114 114 114 114 114 114 115 115 115 115 115 115 115 115 115 115 115 115 115 115 115 116 116 116 116 117 117 117 117 117 116 116 116 116 116 115 115 115 114 114 114 114 114 113 113 113 112 112 112 111 111 110 110
105 105 105 106 106 106 106 107 107 107 107 107 108 108 108 108 109 109 109 110 110 110 110 111 111 111 112 112 112 112 112 113 113 113 113 113 114 113 114 114 114 113 113 113 113 113 113 113 113 114 114 114 114 114 114 114 114 114 114 114 114 114 114 114 115 115 115 116 116 116 116 116 116 116 115 115 115 115 114 114 114 114 113 113 113 113 112 112 112 111 111 111 110 110 110 109
104 104 105 105 105 105 105 106 106 106 106 107 107 107 107 108 108 108 108 109 109 109 109 110 110 110 110 111 111 111 112 112 112 112 112 113 113 113 113 113 113 113 112 112 112 112 112 112 112 113 113 113 113 113 113 113 113 113 113 113 114 113 113 113 114 114 115 115 115 115 115 115 115 115 115 114 114 114 114 113 113 113 112 112 112 111 111 111 111 110 110 110 110 109 109 108
103 104 104 104 104 104 105 105 105 105 106 106 106 106 107 107 107 107 108 108 108 108 109 109 109 109 110 110 110 111 111 111 111 111 112 112 112 112 112 112 112 112 112 111 111 111 111 111 112 112 112 112 112 112 113 113 113 113 113 112 113 113 112 112 113 113 114 114 115 115 115 115 115 114 114 114 113 113 113 112 112 112 111 111 111 110 110 110 110 110 109 109 109 108 108 108
103 103 103 103 103 104 104 104 104 105 105 105 105 105 106 106 106 106 107 107 107 108 108 108 108 109 109 109 109 110 110 110 110 111 111 111 111 111 111 111 111 111 111 111 111 110 110 111 111 111 111 111 112 112 112 112 112 112 112 111 111 111 111 112 112 112 113 114 114 114 114 114 114 114 113 113 113 112 112 111 111 111 110 110 110 110 109 109 109 109 108 108 108 107 107 107
102 102 102 102 103 103 103 103 103 104 104 104 104 105 105 105 105 106 106 106 106 107 107 107 107 108 108 109 109 109 109 109 110 110 110 110 110 111 111 111 111 111 110 110 110 110 110 110 110 110 111 111 111 111 111 111 111 111 111 111 111 111 111 111 111 112 112 113 113 114 114 113 113 113 112 112 112 111 111 111 110 110 109 109 109 109 109 108 108 108 108 107 107 107 106 106
