MUSICEvapDataQueryTool/BOMEvapData/etapaug.txt
ncols         417
nrows         337
xllcorner     112.15
yllcorner     -43.8
cellsize      0.1
NODATA_value  -9999
[rows 0 to 54 of 337, columns 96 to 191 of 417]
162 162 162 163 163 163 163 163 163 164 164 164 164 164 164 165 165 165 165 165 165 166 166 166 166 166 166 167 167 167 167 167 167 167 168 168 168 168 168 168 168 168 169 169 169 169 169 169 169 169 169 169 169 169 170 170 170 170 170 170 170 170 170 170 170 170 170 170 170 170 170 170 170 170 170 170 170 170 170 170 170 170 170 170 170 170 170 170 170 170 170 170 170 169 169 169
162 162 162 162 162 162 163 163 163 163 163 163 164 164 164 164 164 164 165 165 165 165 165 165 166 166 166 166 166 166 167 167 167 167 167 167 167 168 168 168 168 168 168 168 168 168 169 169 169 169 169 169 169 169 169 169 169 169 169 169 169 169 169 169 170 170 170 170 170 170 170 170 170 170 170 170 170 170 170 170 170 170 169 169 169 169 169 169 169 169 169 169 169 169 169 169
161 161 161 162 162 162 162 162 162 163 163 163 163 163 163 164 164 164 164 164 165 165 165 165 165 165 165 166 166 166 166 166 166 167 167 167 167 167 167 167 167 168 168 168 168 168 168 168 168 168 168 168 169 169 169 169 169 169 169 169 169 169 169 169 169 169 169 169 169 169 169 169 169 169 169 169 169 169 169 169 169 169 169 169 169 169 169 169 169 169 169 169 169 168 168 168
161 161 161 161 161 161 162 162 162 162 162 162 163 163 163 163 163 163 164 164 164 164 164 165 165 165 165 165 165 165 166 166 166 166 166 166 167 167 167 167 167 167 167 167 167 168 168 168 168 168 168 168 168 168 168 168 168 168 168 168 168 169 169 169 169 169 169 169 169 169 169 169 169 169 169 169 169 169 169 169 169 169 169 169 168 168 168 168 168 168 168 168 168 168 168 168
160 160 160 161 161 161 161 161 161 162 162 162 162 162 162 163 163 163 163 163 164 164 164 164 164 164 165 165 165 165 165 165 165 166 166 166 166 166 166 166 167 167 167 167 167 167 167 167 167 167 168 168 168 168 168 168 168 168 168 168 168 168 168 168 168 168 168 168 168 168 168 168 168 168 168 168 168 168 168 168 168 168 168 168 168 168 168 168 168 168 168 168 168 167 167 167
160 160 160 160 160 160 161 161 161 161 161 161 162 162 162 162 162 162 163 163 163 163 163 164 164 164 164 164 164 165 165 165 165 165 165 165 166 166 166 166 166 166 166 166 167 167 167 167 167 167 167 167 167 167 167 167 167 167 168 168 168 168 168 168 168 168 168 168 168 168 168 168 168 168 168 168 168 168 168 168 168 168 168 168 168 167 167 167 167 167 167 167 167 167 167 167
159 159 159 159 160 160 160 160 160 161 161 161 161 161 161 162 162 162 162 162 163 163 163 163 163 163 164 164 164 164 164 164 165 165 165 165 165 165 165 166 166 166 166 166 166 166 166 166 166 167 167 167 167 167 167 167 167 167 167 167 167 167 167 167 167 167 167 167 167 167 167 167 167 167 167 167 167 167 167 167 167 167 167 167 167 167 167 167 167 167 167 167 167 166 166 166
158 159 159 159 159 159 159 160 160 160 160 160 161 161 161 161 161 161 162 162 162 162 162 163 163 163 163 163 163 164 164 164 164 164 164 165 165 165 165 165 165 165 165 166 166 166 166 166 166 166 166 166 166 166 166 166 167 167 167 167 167 167 167 167 167 167 167 167 167 167 167 167 167 167 167 167 167 167 167 167 167 167 167 167 167 166 166 166 166 166 166 166 166 166 166 166
158 158 158 158 159 159 159 159 159 159 160 160 160 160 160 161 161 161 161 161 162 162 162 162 162 162 163 163 163 163 163 163 164 164 164 164 164 164 164 165 165 165 165 165 165 165 165 165 166 166 166 166 166 166 166 166 166 166 166 166 166 166 166 166 166 166 166 166 166 166 166 166 166 166 166 166 166 166 166 166 166 166 166 166 166 166 166 166 166 166 166 166 166 165 165 165
157 158 158 158 158 158 158 159 159 159 159 159 160 160 160 160 160 160 161 161 161 161 161 162 162 162 162 162 162 163 163 163 163 163 163 164 164 164 164 164 164 164 165 165 165 165 165 165 165 165 165 165 165 165 165 166 166 166 166 166 166 166 166 166 166 166 166 166 166 166 166 166 166 166 166 166 166 166 166 166 166 166 166 166 166 165 165 165 165 165 165 165 165 165 165 165
157 157 157 157 157 158 158 158 158 158 159 159 159 159 159 160 160 160 160 160 160 161 161 161 161 161 162 162 162 162 162 162 163 163 163 163 163 163 164 164 164 164 164 164 164 164 164 165 165 165 165 165 165 165 165 165 165 165 165 165 165 165 165 165 165 165 165 165 165 165 165 165 165 165 165 165 165 165 165 165 165 165 165 165 165 165 165 165 165 165 165 164 164 164 164 164
156 156 157 157 157 157 157 157 158 158 158 158 158 159 159 159 159 159 160 160 160 160 160 161 161 161 161 161 161 162 162 162 162 162 163 163 163 163 163 163 163 164 164 164 164 164 164 164 164 164 164 164 164 165 165 165 165 165 165 165 165 165 165 165 165 165 165 165 165 165 165 165 165 165 165 165 165 165 165 165 165 165 165 164 164 164 164 164 164 164 164 164 164 164 164 163
156 156 156 156 156 157 157 157 157 157 158 158 158 158 158 158 159 159 159 159 159 160 160 160 160 160 161 161 161 161 161 162 162 162 162 162 162 162 163 163 163 163 163 163 163 163 164 164 164 164 164 164 164 164 164 164 164 164 164 164 164 164 164 164 164 164 164 164 164 164 164 164 164 164 164 164 164 164 164 164 164 164 164 164 164 164 164 164 164 164 163 163 163 163 163 163
155 155 155 156 156 156 156 156 157 157 157 157 157 158 158 158 158 158 159 159 159 159 159 160 160 160 160 160 160 161 161 161 161 161 162 162 162 162 162 162 162 163 163 163 163 163 163 163 163 163 163 163 164 164 164 164 164 164 164 164 164 164 164 164 164 164 164 164 164 164 164 164 164 164 164 164 164 164 164 164 163 163 163 163 163 163 163 163 163 163 163 163 163 162 162 162
155 155 155 155 155 155 156 156 156 156 156 157 157 157 157 157 158 158 158 158 158 159 159 159 159 159 160 160 160 160 160 161 161 161 161 161 161 162 162 162 162 162 162 162 162 163 163 163 163 163 163 163 163 163 163 163 163 163 163 163 163 163 163 163 163 163 163 163 163 163 163 163 163 163 163 163 163 163 163 163 163 163 163 163 163 163 163 162 162 162 162 162 162 162 162 162
154 154 154 155 155 155 155 155 155 156 156 156 156 156 157 157 157 157 157 158 158 158 158 158 159 159 159 159 159 160 160 160 160 160 161 161 161 161 161 161 162 162 162 162 162 162 162 162 162 162 162 163 163 163 163 163 163 163 163 163 163 163 163 163 163 163 163 163 163 163 163 163 163 163 163 163 163 162 162 162 162 162 162 162 162 162 162 162 162 162 161 161 161 161 161 161
153 154 154 154 154 154 155 155 155 155 155 155 156 156 156 156 157 157 157 157 157 158 158 158 158 158 159 159 159 159 159 160 160 160 160 160 160 161 161 161 161 161 161 161 162 162 162 162 162 162 162 162 162 162 162 162 162 162 162 162 162 162 162 162 162 162 162 162 162 162 162 162 162 162 162 162 162 162 162 162 162 162 162 162 162 161 161 161 161 161 161 161 161 161 160 160
153 153 153 153 154 154 154 154 154 155 155 155 155 155 156 156 156 156 156 157 157 157 157 157 158 158 158 158 158 159 159 159 159 159 160 160 160 160 160 160 161 161 161 161 161 161 161 161 161 161 162 162 162 162 162 162 162 162 162 162 162 162 162 162 162 162 162 162 162 162 162 162 162 162 161 161 161 161 161 161 161 161 161 161 161 161 161 161 161 160 160 160 160 160 160 160
152 152 153 153 153 153 153 154 154 154 154 154 155 155 155 155 155 156 156 156 156 156 157 157 157 157 157 158 158 158 158 159 159 159 159 159 159 160 160 160 160 160 160 160 161 161 161 161 161 161 161 161 161 161 161 161 161 161 161 161 161 161 161 161 161 161 161 161 161 161 161 161 161 161 161 161 161 161 161 161 161 161 160 160 160 160 160 160 160 160 160 160 159 159 159 159
152 152 152 152 152 153 153 153 153 153 154 154 154 154 154 155 155 155 155 155 156 156 156 156 157 157 157 157 157 158 158 158 158 158 159 159 159 159 159 159 160 160 160 160 160 160 160 160 160 161 161 161 161 161 161 161 161 161 161 161 161 161 161 161 161 161 161 161 161 161 161 160 160 160 160 160 160 160 160 160 160 160 160 160 160 160 159 159 159 159 159 159 159 158 158 158
151 151 151 152 152 152 152 152 153 153 153 153 153 154 154 154 154 154 155 155 155 155 156 156 156 156 156 157 157 157 157 157 158 158 158 158 158 159 159 159 159 159 159 160 160 160 160 160 160 160 160 160 160 160 160 160 160 160 160 160 160 160 160 160 160 160 160 160 160 160 160 160 160 160 160 160 160 160 160 159 159 159 159 159 159 159 159 159 159 158 158 158 158 158 158 157
150 151 151 151 151 151 152 152 152 152 152 153 153 153 153 153 154 154 154 154 155 155 155 155 155 156 156 156 156 157 157 157 157 157 158 158 158 158 158 159 159 159 159 159 159 159 159 159 159 160 160 160 160 160 160 160 160 160 160 160 160 160 160 160 160 160 160 160 159 159 159 159 159 159 159 159 159 159 159 159 159 159 159 158 158 158 158 158 158 158 158 157 157 157 157 157
150 150 150 150 151 151 151 151 151 152 152 152 152 152 153 153 153 153 154 154 154 154 154 155 155 155 155 156 156 156 156 156 157 157 157 157 157 158 158 158 158 158 158 159 159 159 159 159 159 159 159 159 159 159 159 159 159 159 159 159 159 159 159 159 159 159 159 159 159 159 159 159 159 159 159 159 158 158 158 158 158 158 158 158 158 158 157 157 157 157 157 157 156 156 156 156
149 149 150 150 150 150 150 151 151 151 151 151 152 152 152 152 152 153 153 153 153 154 154 154 154 155 155 155 155 155 156 156 156 156 157 157 157 157 157 158 158 158 158 158 158 158 158 158 159 159 159 159 159 159 159 159 159 159 159 159 159 159 159 158 158 158 158 158 158 158 158 158 158 158 158 158 158 158 158 158 158 157 157 157 157 157 157 157 156 156 156 156 156 156 155 155
149 149 149 149 149 150 150 150 150 150 151 151 151 151 151 152 152 152 152 153 153 153 153 153 154 154 154 154 155 155 155 155 156 156 156 156 156 157 157 157 157 157 157 158 158 158 158 158 158 158 158 158 158 158 158 158 158 158 158 158 158 158 158 158 158 158 158 158 158 158 158 158 158 157 157 157 157 157 157 157 157 157 157 157 156 156 156 156 156 156 155 155 155 155 155 155
148 148 148 149 149 149 149 149 150 150 150 150 150 151 151 151 151 152 152 152 152 152 153 153 153 153 154 154 154 154 155 155 155 155 155 156 156 156 156 157 157 157 157 157 157 157 157 157 158 158 158 158 158 158 158 158 158 158 157 157 157 157 157 157 157 157 157 157 157 157 157 157 157 157 157 157 157 157 156 156 156 156 156 156 156 156 155 155 155 155 155 155 154 154 154 154
147 148 148 148 148 148 149 149 149 149 149 150 150 150 150 150 151 151 151 151 152 152 152 152 153 153 153 153 153 154 154 154 154 155 155 155 155 156 156 156 156 156 157 157 157 157 157 157 157 157 157 157 157 157 157 157 157 157 157 157 157 157 157 157 157 157 157 157 157 157 156 156 156 156 156 156 156 156 156 156 156 156 155 155 155 155 155 155 154 154 154 154 154 153 153 153
147 147 147 147 148 148 148 148 148 149 149 149 149 149 150 150 150 150 151 151 151 151 151 152 152 152 152 153 153 153 153 154 154 154 154 155 155 155 155 156 156 156 156 156 156 156 156 156 156 157 157 157 156 156 156 156 156 156 156 156 156 156 156 156 156 156 156 156 156 156 156 156 156 156 156 156 155 155 155 155 155 155 155 155 154 154 154 154 154 153 153 153 153 153 152 152
146 146 147 147 147 147 147 148 148 148 148 148 149 149 149 149 149 150 150 150 150 151 151 151 151 152 152 152 152 153 153 153 153 154 154 154 154 155 155 155 155 155 156 156 156 156 156 156 156 156 156 156 156 156 156 156 156 156 156 156 156 156 156 156 156 155 155 155 155 155 155 155 155 155 155 155 155 155 155 154 154 154 154 154 154 153 153 153 153 153 153 152 152 152 152 151
146 146 146 146 146 146 147 147 147 147 147 148 148 148 148 149 149 149 149 149 150 150 150 150 151 151 151 151 152 152 152 152 153 153 153 153 154 154 154 154 155 155 155 155 155 155 155 155 155 155 155 155 155 155 155 155 155 155 155 155 155 155 155 155 155 155 155 155 155 155 155 155 155 154 154 154 154 154 154 154 154 154 153 153 153 153 153 152 152 152 152 152 151 151 151 151
145 145 145 145 146 146 146 146 146 147 147 147 147 147 148 148 148 148 149 149 149 149 150 150 150 150 151 151 151 151 152 152 152 152 153 153 153 153 154 154 154 154 155 155 155 155 155 155 155 155 155 155 155 155 155 155 155 155 155 154 154 154 154 154 154 154 154 154 154 154 154 154 154 154 154 154 154 153 153 153 153 153 153 153 152 152 152 152 152 151 151 151 151 150 150 150
144 144 145 145 145 145 145 146 146 146 146 146 147 147 147 147 148 148 148 148 148 149 149 149 149 150 150 150 150 151 151 151 151 152 152 152 153 153 153 153 154 154 154 154 154 154 154 154 154 154 154 154 154 154 154 154 154 154 154 154 154 154 154 154 154 154 154 154 153 153 153 153 153 153 153 153 153 153 153 153 152 152 152 152 152 152 151 151 151 151 150 150 150 150 149 149
144 144 144 144 144 145 145 145 145 145 146 146 146 146 146 147 147 147 147 148 148 148 148 148 149 149 149 149 150 150 150 151 151 151 151 152 152 152 152 153 153 153 153 154 154 154 154 154 154 154 154 154 153 153 153 153 153 153 153 153 153 153 153 153 153 153 153 153 153 153 153 153 153 153 152 152 152 152 152 152 152 152 151 151 151 151 151 150 150 150 150 149 149 149 148 148
143 143 143 143 144 144 144 144 144 145 145 145 145 146 146 146 146 146 147 147 147 147 148 148 148 148 149 149 149 149 150 150 150 150 151 151 151 152 152 152 152 153 153 153 153 153 153 153 153 153 153 153 153 153 153 153 153 153 153 153 152 152 152 152 152 152 152 152 152 152 152 152 152 152 152 152 152 152 151 151 151 151 151 151 150 150 150 150 150 149 149 149 148 148 148 147
142 142 143 143 143 143 143 144 144 144 144 144 145 145 145 145 146 146 146 146 146 147 147 147 147 148 148 148 148 149 149 149 149 150 150 150 151 151 151 152 152 152 152 153 153 153 153 153 152 152 152 152 152 152 152 152 152 152 152 152 152 152 152 152 152 152 152 152 152 152 151 151 151 151 151 151 151 151 151 151 150 150 150 150 150 149 149 149 149 148 148 148 148 147 147 147
142 142 142 142 142 143 143 143 143 143 144 144 144 144 144 145 145 145 145 146 146 146 146 146 147 147 147 147 148 148 148 148 149 149 149 150 150 150 150 151 151 151 152 152 152 152 152 152 152 152 152 151 151 151 151 151 151 151 151 151 151 151 151 151 151 151 151 151 151 151 151 151 151 151 151 150 150 150 150 150 150 150 149 149 149 149 149 148 148 148 148 147 147 147 146 146
141 141 141 141 142 142 142 142 142 143 143 143 143 143 144 144 144 144 145 145 145 145 146 146 146 146 146 147 147 147 147 148 148 148 149 149 149 149 150 150 150 151 151 151 151 151 151 151 151 151 151 151 151 151 151 150 150 150 150 150 150 150 150 150 150 150 150 150 150 150 150 150 150 150 150 150 150 150 149 149 149 149 149 148 148 148 148 148 147 147 147 146 146 146 145 145
140 140 141 141 141 141 141 142 142 142 142 142 143 143 143 143 143 144 144 144 144 145 145 145 145 146 146 146 146 146 147 147 147 148 148 148 148 149 149 149 150 150 150 150 150 150 150 150 150 150 150 150 150 150 150 150 150 150 150 150 150 150 150 150 150 150 150 150 150 150 150 149 149 149 149 149 149 149 149 149 148 148 148 148 148 147 147 147 147 146 146 146 145 145 145 144
140 140 140 140 140 141 141 141 141 141 141 142 142 142 142 143 143 143 143 143 144 144 144 144 145 145 145 145 146 146 146 146 146 147 147 147 148 148 148 148 149 149 149 149 149 149 149 149 149 149 149 149 149 149 149 149 149 149 149 149 149 149 149 149 149 149 149 149 149 149 149 149 149 149 149 149 148 148 148 148 148 148 147 147 147 147 146 146 146 145 145 145 145 144 144 143
139 139 139 139 140 140 140 140 140 141 141 141 141 141 142 142 142 142 142 143 143 143 143 144 144 144 144 145 145 145 145 145 146 146 146 146 147 147 147 147 148 148 148 148 148 148 148 148 148 148 148 148 148 148 148 148 148 148 148 148 148 148 148 148 148 148 148 148 148 148 148 148 148 148 148 148 148 148 147 147 147 147 147 147 146 146 146 145 145 145 144 144 144 143 143 143
138 138 139 139 139 139 139 139 140 140 140 140 140 141 141 141 141 142 142 142 142 142 143 143 143 143 144 144 144 144 144 145 145 145 145 146 146 146 146 147 147 147 147 147 147 147 147 147 147 147 147 147 147 147 147 147 147 147 147 147 147 147 147 147 147 148 148 148 148 148 148 148 147 147 147 147 147 147 147 147 146 146 146 146 146 145 145 145 144 144 144 143 143 143 142 142
138 138 138 138 138 138 139 139 139 139 139 140 140 140 140 140 141 141 141 141 141 142 142 142 142 143 143 143 143 143 144 144 144 144 145 145 145 145 145 145 146 146 146 146 146 146 146 146 146 146 146 146 146 146 146 146 146 146 146 146 146 147 147 147 147 147 147 147 147 147 147 147 147 147 147 147 146 146 146 146 146 146 145 145 145 144 144 144 143 143 143 142 142 142 141 141
137 137 137 137 138 138 138 138 138 138 139 139 139 139 139 140 140 140 140 140 141 141 141 141 142 142 142 142 142 143 143 143 143 143 144 144 144 144 144 145 145 145 145 145 145 145 145 145 145 145 145 145 145 145 145 145 145 145 145 146 146 146 146 146 146 146 146 146 146 146 146 146 146 146 146 146 146 146 145 145 145 145 145 144 144 144 143 143 143 142 142 142 141 141 140 140
136 136 136 137 137 137 137 137 138 138 138 138 138 139 139 139 139 139 140 140 140 140 140 141 141 141 141 141 142 142 142 142 142 143 143 143 143 143 143 143 144 144 144 143 144 144 144 144 144 144 144 144 144 144 144 144 144 144 145 145 145 145 145 145 145 145 145 145 145 145 146 146 145 145 145 145 145 145 145 145 145 144 144 144 143 143 143 142 142 142 141 141 140 140 140 139
135 136 136 136 136 136 136 137 137 137 137 137 138 138 138 138 138 139 139 139 139 139 140 140 140 140 140 141 141 141 141 141 142 142 142 142 142 142 142 142 142 143 143 143 143 143 143 143 143 143 143 143 143 143 143 143 143 144 144 144 144 144 144 144 144 145 145 145 145 145 145 145 145 145 145 145 145 144 144 144 144 144 143 143 143 143 142 142 142 141 141 140 140 139 139 138
135 135 135 135 135 136 136 136 136 136 136 137 137 137 137 137 138 138 138 138 138 139 139 139 139 139 140 140 140 140 140 141 141 141 141 141 141 141 141 141 141 141 141 141 141 141 142 142 142 142 142 142 142 142 142 142 143 143 143 143 143 143 143 143 144 144 144 144 144 144 144 144 144 144 144 144 144 144 144 143 143 143 143 143 142 142 141 141 141 140 140 140 139 139 138 138
134 134 134 135 135 135 135 135 135 136 136 136 136 136 137 137 137 137 137 137 138 138 138 138 138 139 139 139 139 139 140 140 140 140 140 140 140 140 140 140 140 140 140 140 140 140 140 141 141 141 141 141 141 141 141 141 142 142 142 142 142 142 143 143 143 143 143 143 143 143 143 144 144 143 143 143 143 143 143 143 143 142 142 142 142 141 141 141 140 140 139 139 138 138 137 137
133 133 134 134 134 134 134 134 135 135 135 135 135 136 136 136 136 136 137 137 137 137 137 138 138 138 138 138 138 139 139 139 139 139 139 139 139 139 139 139 139 139 139 139 139 139 139 139 140 140 140 140 140 140 140 141 141 141 141 141 141 141 142 142 142 142 142 142 143 143 143 143 143 143 143 143 143 143 142 142 142 142 141 141 141 141 140 140 139 139 139 138 138 137 137 136
133 133 133 133 133 133 134 134 134 134 134 134 135 135 135 135 135 136 136 136 136 136 137 137 137 137 137 137 138 138 138 138 138 138 138 139 138 138 138 138 138 138 138 138 138 138 138 138 139 139 139 139 139 139 140 140 140 140 140 140 141 141 141 141 141 141 142 142 142 142 142 142 142 142 142 142 142 142 142 141 141 141 141 140 140 140 139 139 139 139 138 137 137 136 136 136
132 132 132 132 132 133 133 133 133 133 134 134 134 134 134 134 135 135 135 135 135 136 136 136 136 136 136 137 137 137 137 137 137 137 137 138 138 138 137 137 137 137 137 137 137 137 137 137 138 138 138 138 138 138 139 139 139 139 139 140 140 140 140 140 140 141 141 141 141 141 141 141 141 141 141 141 141 141 141 141 141 140 140 140 140 139 139 139 138 138 137 137 136 136 135 135
131 131 131 132 132 132 132 132 132 133 133 133 133 133 133 134 134 134 134 134 135 135 135 135 135 136 136 136 136 136 136 136 136 137 137 136 137 137 137 136 136 136 136 136 136 136 136 136 136 137 137 137 137 137 138 138 138 138 139 139 139 139 139 139 140 140 140 140 140 141 141 141 141 141 141 141 140 140 140 140 140 140 139 139 139 139 138 138 138 137 137 136 136 135 135 134
130 131 131 131 131 131 131 131 132 132 132 132 132 133 133 133 133 133 133 134 134 134 134 134 135 135 135 135 135 135 135 136 136 136 136 136 136 136 136 136 136 135 135 135 135 135 135 135 136 136 136 136 136 137 137 137 137 137 138 138 138 138 138 138 139 139 139 139 140 140 140 140 140 140 140 140 140 140 139 139 139 139 139 139 138 138 138 137 137 136 136 135 135 135 134 133
130 130 130 130 130 130 131 131 131 131 131 131 132 132 132 132 132 132 133 133 133 133 133 134 134 134 134 134 134 134 134 135 135 135 135 135 135 135 135 135 135 134 134 134 134 134 134 134 135 135 135 135 136 136 136 136 136 137 137 137 137 137 138 138 138 138 138 139 139 139 139 139 139 139 139 139 139 139 139 139 139 139 138 138 138 137 137 137 136 136 135 135 134 134 133 133
129 129 129 129 129 130 130 130 130 130 130 131 131 131 131 131 132 132 132 132 132 132 133 133 133 133 133 133 134 134 134 134 134 134 134 134 134 134 134 134 134 134 134 133 133 133 133 134 134 134 134 135 135 135 135 135 135 136 136 136 136 136 137 137 137 137 138 138 138 139 138 139 139 138 138 138 138 138 138 138 138 138 138 137 137 137 136 136 135 135 135 134 134 133 133 132
128 128 128 129 129 129 129 129 129 130 130 130 130 130 130 131 131 131 131 131 131 132 132 132 132 132 132 132 133 133 133 133 133 133 133 133 133 133 133 133 133 133 133 133 133 133 133 133 133 133 134 134 134 134 134 134 135 135 135 135 136 135 136 136 136 136 137 137 138 138 138 138 138 138 137 137 137 137 137 137 137 137 137 137 136 136 136 135 135 134 134 134 133 133 132 132
