MUSICEvapDataQueryTool/BOMEvapData/etapmar.txt
ncols         417
nrows         337
xllcorner     112.15
yllcorner     -43.8
cellsize      0.1
NODATA_value  -9999
[rows 0 to 41 of 337, columns 282 to 375 of 417]
230 230 229 229 229 229 229 229 229 229 229 229 229 229 229 229 229 229 229 229 229 229 229 229 229 229 229 229 229 229 229 229 229 230 230 230 230 230 230 231 231 231 231 231 232 232 232 232 233 233 233 233 234 234 234 235 235 235 235 236 236 236 237 237 237 238 238 238 239 239 239 240 240 240 241 241 241 242 242 242 243 243 243 244 244 244 245 245 245 246 246 246 247 247
229 229 229 229 229 229 229 229 228 228 228 228 228 228 228 228 228 226 228 228 228 228 228 228 228 228 228 228 228 228 229 229 229 229 229 229 229 229 230 230 230 230 230 231 231 231 231 232 232 232 232 233 233 233 234 234 234 235 235 235 235 236 236 236 237 237 237 238 238 239 239 239 240 240 240 241 241 241 242 242 242 243 243 243 244 244 244 245 245 245 246 246 246 247
228 228 228 228 228 228 228 228 228 228 228 228 228 228 228 228 228 227 227 227 227 227 227 227 227 228 228 228 228 228 228 228 228 228 228 228 229 229 229 229 229 229 230 230 230 230 231 231 231 231 232 232 232 233 233 233 234 234 234 235 235 235 236 236 236 237 237 237 238 238 238 239 239 239 240 240 240 241 241 241 242 242 243 243 243 244 244 244 245 245 245 245 246 246
228 228 228 228 228 227 227 227 227 227 227 227 227 227 227 227 227 227 225 225 227 227 227 227 227 227 227 227 227 227 227 227 227 227 228 228 228 228 228 228 229 229 229 229 229 230 230 230 231 231 231 231 232 232 232 233 233 233 234 234 234 235 235 235 236 236 236 237 237 237 238 238 239 239 239 240 240 240 241 241 241 242 242 242 243 243 243 244 244 244 245 245 245 246
227 227 227 227 227 227 227 227 227 227 226 226 226 226 226 226 226 225 225 226 226 226 226 226 226 226 226 226 226 226 226 226 227 227 227 227 227 227 227 228 228 228 228 229 229 229 229 230 230 230 230 231 231 231 232 232 232 233 233 233 234 234 234 235 235 235 236 236 237 237 237 238 238 238 239 239 239 240 240 240 241 241 242 242 242 243 243 243 244 244 244 245 245 245
227 227 226 226 226 226 226 226 226 226 226 226 226 226 226 226 225 225 225 225 224 224 224 225 225 225 225 225 226 226 226 226 226 226 226 226 226 227 227 227 227 227 228 228 228 228 229 229 229 229 230 230 230 231 231 231 232 232 232 233 233 233 234 234 235 235 235 236 236 236 237 237 237 238 238 239 239 239 240 240 240 241 241 241 242 242 242 243 243 243 244 244 244 245
226 226 226 226 226 226 226 225 225 225 225 225 225 225 225 225 225 225 225 225 223 224 225 225 225 225 225 225 225 225 225 225 225 225 225 226 226 226 226 226 226 227 227 227 227 228 228 228 228 229 229 229 230 230 230 231 231 231 232 232 233 233 233 234 234 234 235 235 235 236 236 237 237 237 238 238 238 239 239 240 240 240 241 241 241 242 242 242 243 243 243 244 244 244
225 225 225 225 225 225 225 225 225 225 225 225 224 224 224 224 224 223 223 223 223 223 223 224 224 224 224 224 224 224 224 224 224 225 225 225 225 225 225 225 226 226 226 226 227 227 227 228 228 228 228 229 229 229 230 230 230 231 231 232 232 232 233 233 233 234 234 235 235 235 236 236 236 237 237 238 238 238 239 239 239 240 240 240 241 241 242 242 242 243 243 243 244 244
225 225 225 225 225 224 224 224 224 224 224 224 224 224 224 224 223 223 222 222 222 222 222 222 223 223 223 223 223 223 223 224 224 224 224 224 224 224 225 225 225 225 225 226 226 226 227 227 227 227 228 228 228 229 229 229 230 230 231 231 231 232 232 232 233 233 234 234 234 235 235 236 236 236 237 237 237 238 238 239 239 239 240 240 240 241 241 241 242 242 242 243 243 243
224 224 224 224 224 224 224 224 224 223 223 223 223 223 223 223 223 223 221 221 221 221 221 221 223 223 223 223 223 223 223 223 223 223 223 223 223 224 224 224 224 224 225 225 225 226 226 226 226 227 227 227 228 228 229 229 229 230 230 230 231 231 232 232 232 233 233 233 234 234 235 235 235 236 236 237 237 237 238 238 238 239 239 240 240 240 241 241 241 242 242 242 243 243
224 224 224 223 223 223 223 223 223 223 223 223 223 222 222 222 222 221 221 220 220 220 220 220 222 222 222 222 222 222 222 222 222 222 222 223 223 223 223 223 223 224 224 224 225 225 225 225 226 226 226 227 227 228 228 228 229 229 229 230 230 231 231 231 232 232 233 233 233 234 234 235 235 235 236 236 237 237 237 238 238 238 239 239 240 240 240 241 241 241 242 242 242 243
223 223 223 223 223 223 223 222 222 222 222 222 222 222 222 222 221 220 220 220 220 219 219 219 219 221 221 221 221 221 221 221 221 221 222 222 222 222 222 223 223 223 223 224 224 224 224 225 225 225 226 226 226 227 227 228 228 228 229 229 230 230 230 231 231 232 232 232 233 233 234 234 234 235 235 236 236 236 237 237 238 238 238 239 239 239 240 240 240 241 241 242 242 242
223 223 223 222 222 222 222 222 222 222 221 221 221 221 221 221 221 220 219 219 219 218 218 218 219 220 220 220 220 220 220 220 221 221 221 221 221 221 222 222 222 222 223 223 223 223 224 224 224 225 225 225 226 226 227 227 227 228 228 229 229 229 230 230 231 231 231 232 232 233 233 234 234 234 235 235 236 236 236 237 237 238 238 238 239 239 239 240 240 240 241 241 241 242
222 222 222 222 222 222 221 221 221 221 221 221 221 220 220 220 220 219 219 218 218 217 218 218 218 220 220 220 220 220 220 220 220 220 220 220 220 221 221 221 221 222 222 222 222 223 223 223 224 224 224 225 225 226 226 226 227 227 228 228 228 229 229 230 230 231 231 231 232 232 233 233 233 234 234 235 235 235 236 236 237 237 237 238 238 239 239 239 240 240 240 241 241 241
222 222 221 221 221 221 221 221 221 220 220 220 220 220 220 220 218 218 218 218 218 217 217 217 217 219 219 219 219 219 219 219 219 219 219 219 220 220 220 220 220 221 221 221 222 222 222 223 223 223 224 224 225 225 225 226 226 227 227 227 228 228 229 229 230 230 230 231 231 232 232 233 233 233 234 234 235 235 235 236 236 237 237 237 238 238 239 239 239 240 240 240 241 241
221 221 221 221 221 220 220 220 220 220 220 219 219 219 219 219 218 218 217 217 217 217 216 216 217 218 218 218 218 218 218 218 218 218 218 219 219 219 219 219 220 220 220 221 221 221 222 222 222 223 223 224 224 224 225 225 226 226 226 227 227 228 228 229 229 230 230 230 231 231 232 232 233 233 233 234 234 235 235 235 236 236 237 237 237 238 238 238 239 239 240 240 240 241
221 221 220 220 220 220 220 220 219 219 219 219 219 219 218 218 217 217 217 216 216 216 216 215 216 217 217 217 217 217 217 217 217 218 218 218 218 218 218 219 219 219 220 220 220 221 221 221 222 222 222 223 223 224 224 225 225 225 226 226 227 227 228 228 229 229 229 230 230 231 231 232 232 232 233 233 234 234 235 235 235 236 236 237 237 237 238 238 238 239 239 239 240 240
220 220 220 220 220 219 219 219 219 219 218 218 218 218 218 218 216 216 216 216 216 215 215 215 215 215 215 215 215 216 216 216 217 217 217 217 217 217 218 218 218 218 219 219 219 220 220 221 221 221 222 222 223 223 224 224 224 225 225 226 226 227 227 228 228 228 229 229 230 230 231 231 232 232 232 233 233 234 234 235 235 235 236 236 237 237 237 238 238 238 239 239 239 240
220 220 219 219 219 219 219 218 218 218 218 218 217 217 216 216 216 216 215 215 215 215 214 214 214 214 214 214 216 216 216 216 216 216 216 216 216 217 217 217 217 218 218 218 219 219 220 220 220 221 221 222 222 222 223 223 224 224 225 225 226 226 227 227 228 228 228 229 229 230 230 231 231 232 232 232 233 233 234 234 235 235 235 236 236 236 237 237 238 238 238 239 239 239
219 219 219 219 218 218 218 218 218 217 217 217 217 217 215 215 215 215 214 214 214 214 213 213 213 214 214 215 215 215 215 215 215 215 215 215 216 216 216 216 217 217 217 218 218 218 219 219 220 220 220 221 221 222 222 223 223 224 224 225 225 226 226 227 227 227 228 228 229 229 230 230 231 231 232 232 232 233 233 234 234 235 235 235 236 236 236 237 237 238 238 238 239 239
219 219 218 218 218 218 218 217 217 217 217 216 216 215 215 215 214 214 214 214 213 213 212 213 213 213 213 214 214 214 214 214 214 214 214 215 215 215 215 216 216 216 217 217 217 218 218 219 219 219 220 220 221 221 222 222 223 223 224 224 225 225 226 226 227 227 227 228 228 229 229 230 230 231 231 232 232 232 233 233 234 234 235 235 235 236 236 236 237 237 238 238 238 239
218 218 218 218 217 217 217 217 217 216 216 216 216 214 214 214 213 213 213 213 213 212 212 211 211 210 212 212 213 213 213 213 213 213 213 214 214 214 214 215 215 215 216 216 217 217 217 218 218 219 219 220 220 221 221 222 222 223 223 224 224 225 225 226 226 226 227 227 228 228 229 229 230 230 231 231 232 232 232 233 233 234 234 235 235 235 236 236 236 237 237 238 238 238
218 218 217 217 217 217 217 216 216 216 215 215 214 214 213 213 213 212 212 212 212 212 212 211 210 210 210 210 209 212 212 212 212 212 213 213 213 213 214 214 214 215 215 215 216 216 217 217 218 218 219 219 220 220 220 221 221 222 223 223 224 224 225 225 226 226 227 227 227 228 228 229 229 230 230 231 231 232 232 232 233 233 234 234 235 235 235 236 236 236 237 237 237 238
217 217 217 217 217 216 216 216 215 215 215 215 213 214 213 213 212 212 212 211 211 211 211 211 209 208 209 209 209 211 211 211 211 212 212 212 212 213 213 213 214 214 214 215 215 216 216 216 217 217 218 218 219 219 220 220 221 221 222 222 223 224 224 225 225 226 226 227 227 228 228 228 229 229 230 230 231 231 232 232 233 233 233 234 234 235 235 235 236 236 236 237 237 237
217 217 217 216 216 216 216 215 215 215 214 214 214 213 212 212 211 211 211 210 210 210 209 209 209 208 208 207 207 208 209 210 210 211 211 211 211 212 212 212 213 213 214 214 214 215 215 216 216 217 217 218 218 219 219 220 220 221 221 222 222 223 224 224 225 225 226 226 227 227 228 228 229 229 229 230 230 231 231 232 232 233 233 233 234 234 235 235 235 236 236 236 237 237
217 216 216 216 216 215 215 215 214 214 214 213 213 213 211 211 211 210 210 210 209 209 208 208 208 207 207 206 206 208 209 209 210 210 210 210 211 211 211 212 212 212 213 213 214 214 215 215 216 216 217 217 218 218 219 219 220 220 221 221 222 223 223 224 224 225 225 226 226 227 227 228 228 229 229 230 230 230 231 231 232 232 233 233 233 234 234 235 235 235 236 236 236 237
216 216 216 216 215 215 215 214 214 214 213 213 213 211 211 210 210 209 209 209 208 208 207 207 207 206 205 204 205 207 207 206 209 209 209 209 210 210 210 211 211 212 212 213 213 214 214 214 215 216 216 217 217 218 218 219 219 220 220 221 221 222 223 223 224 224 225 225 226 226 227 227 228 228 229 229 230 230 231 231 231 232 232 233 233 233 234 234 235 235 235 236 236 236
216 216 215 215 215 215 214 214 213 213 213 212 211 210 210 210 209 209 208 208 207 207 206 206 205 205 204 204 204 205 205 207 208 208 208 208 209 209 210 210 210 211 211 212 212 213 213 214 214 215 215 216 217 217 218 218 219 219 220 220 221 222 222 223 223 224 224 225 225 226 226 227 227 228 228 229 229 230 230 231 231 231 232 232 233 233 233 234 234 235 235 235 236 236
216 215 215 215 214 214 214 213 213 213 212 212 210 210 209 209 208 208 207 207 206 205 205 205 204 204 203 203 201 203 204 206 207 207 207 208 208 208 209 209 210 210 211 211 212 212 213 213 214 214 215 215 216 217 217 218 218 219 219 220 221 221 222 222 223 223 224 224 225 225 226 227 227 227 228 228 229 229 230 230 231 231 232 232 232 233 233 234 234 234 235 235 235 236
215 215 215 214 214 214 213 213 213 212 212 211 210 209 209 208 208 207 207 206 205 205 204 204 203 203 202 202 201 201 202 206 206 206 206 207 207 208 208 209 209 209 210 210 211 212 212 213 213 214 214 215 215 216 217 217 218 218 219 219 220 221 221 222 222 223 223 224 225 225 226 226 227 227 228 228 229 229 229 230 230 231 231 232 232 232 233 233 234 234 234 235 235 235
215 215 214 214 214 213 213 213 212 212 211 211 210 209 208 208 207 206 206 205 204 204 204 203 202 201 200 200 200 201 201 202 205 205 206 206 206 207 207 208 208 209 209 210 210 211 211 212 213 213 214 214 215 215 216 217 217 218 218 219 220 220 221 221 222 223 223 224 224 225 225 226 226 227 227 228 228 229 229 230 230 230 231 231 232 232 232 233 233 234 234 234 235 235
215 214 214 214 213 213 213 212 212 211 211 210 210 208 208 207 206 206 205 205 204 203 203 202 201 200 200 200 200 200 201 201 204 204 205 205 206 206 207 207 208 208 209 209 210 210 211 211 212 213 213 214 214 215 216 216 217 217 218 219 219 220 220 221 222 222 223 223 224 224 225 225 226 226 227 227 228 228 229 229 230 230 231 231 231 232 232 233 233 233 234 234 234 235
215 214 214 214 213 213 212 212 211 211 210 210 208 208 207 206 205 205 205 204 203 203 202 201 200 199 199 198 198 198 200 200 203 204 204 205 205 205 206 206 207 207 208 209 209 210 210 211 211 212 213 213 214 214 215 216 216 217 218 218 219 219 220 221 221 222 222 223 223 224 225 225 226 226 227 227 228 228 228 229 229 230 230 231 231 231 232 232 233 233 233 234 234 234
214 214 214 213 213 212 212 212 211 211 210 208 208 207 207 206 205 205 204 203 203 202 201 200 200 198 198 197 197 197 199 200 202 203 203 204 204 205 205 206 206 207 207 208 208 209 210 210 211 211 212 213 213 214 215 215 216 216 217 218 218 219 220 220 221 221 222 223 223 224 224 225 225 226 226 227 227 228 228 229 229 230 230 230 231 231 232 232 232 233 233 233 234 234
214 214 213 213 213 212 212 211 211 210 210 208 207 207 206 206 205 204 204 203 202 201 201 200 198 197 197 197 196 196 198 200 202 202 203 203 204 204 205 205 206 206 207 207 208 208 209 210 210 211 211 212 213 213 214 215 215 216 217 217 218 219 219 220 220 221 222 222 223 223 224 224 225 225 226 226 227 227 228 228 229 229 230 230 230 231 231 232 232 232 233 233 233 234
214 214 213 213 212 212 211 211 210 210 209 208 207 206 206 205 204 204 203 202 201 200 200 199 198 197 196 195 195 194 196 199 201 202 202 203 203 204 204 205 205 206 206 207 207 208 208 209 210 210 211 212 212 213 214 214 215 216 216 217 218 218 219 219 220 221 221 222 222 223 224 224 225 225 226 226 227 227 228 228 228 229 229 230 230 231 231 231 232 232 232 233 233 233
214 213 213 213 212 212 211 211 210 210 209 207 207 206 205 205 204 203 202 201 200 200 199 198 198 197 195 195 195 196 197 199 201 201 202 202 203 203 204 204 205 205 206 206 207 207 208 209 209 210 210 211 212 212 213 214 214 215 216 217 217 218 219 219 220 220 221 222 222 223 223 224 224 225 225 226 226 227 227 228 228 229 229 229 230 230 231 231 231 232 232 232 233 233
214 213 213 212 212 211 211 210 210 209 209 207 207 206 205 204 204 203 202 201 200 199 199 198 197 197 196 195 196 197 198 199 200 201 201 202 202 203 203 204 204 205 205 206 206 207 207 208 209 209 210 211 211 212 213 213 214 215 215 216 217 218 218 219 219 220 221 221 222 222 223 224 224 225 225 226 226 227 227 227 228 228 229 229 230 230 230 231 231 231 232 232 232 233
214 213 213 212 212 211 211 210 210 209 209 208 206 206 205 204 203 203 202 201 200 199 199 198 197 196 196 195 196 197 198 199 199 201 201 201 202 202 203 203 204 204 205 205 206 206 207 207 208 209 209 210 211 212 212 213 214 214 215 216 216 217 218 219 219 220 220 221 222 222 223 223 224 224 225 225 226 226 227 227 228 228 228 229 229 230 230 230 231 231 231 232 232 232
213 213 213 212 212 211 211 210 209 209 208 208 206 205 205 204 203 202 202 201 200 199 199 198 197 196 196 196 196 197 198 198 199 200 201 201 201 202 201 203 203 204 204 205 205 206 206 207 208 208 209 210 210 211 212 213 213 214 215 215 216 217 218 218 219 220 220 221 221 222 223 223 224 224 225 225 226 226 227 227 227 228 228 229 229 229 230 230 230 231 231 231 232 232
213 213 213 212 212 211 210 210 209 209 208 207 206 205 204 204 203 202 201 201 200 199 199 198 197 196 196 196 196 195 197 198 198 199 200 201 201 201 201 202 200 199 204 204 205 205 206 206 207 208 208 209 210 211 211 212 213 214 214 215 216 217 217 218 219 219 220 221 221 222 222 223 223 224 224 225 225 226 226 227 227 228 228 228 229 229 229 230 230 231 231 231 231 232
213 213 212 212 211 211 210 210 209 209 208 207 206 205 204 203 203 202 201 201 200 199 199 198 197 197 196 196 196 195 196 197 197 198 200 200 201 201 199 200 199 201 202 204 204 205 205 206 207 207 208 209 209 210 211 212 213 213 214 215 216 216 217 218 218 219 220 220 221 221 222 223 223 224 224 225 225 226 226 226 227 227 228 228 228 229 229 230 230 230 231 231 231 231
