MUSICEvapDataQueryTool/BOMEvapData/etapapr.txt
ncols         417
nrows         337
xllcorner     112.15
yllcorner     -43.8
cellsize      0.1
NODATA_value  -9999
[rows 260 to 311 of 337, columns 288 to 383 of 417]
71 70 69 68 68 68 67 67 68 68 68 67 67 66 66 66 66 66 66 66 67 68 69 70 71 70 70 69 69 68 68 67 67 68 68 68 69 70 71 71 72 73 74 75 76 77 77 77 77 76 75 75 75 75 75 75 74 74 73 72 71 70 69 69 68 67 68 67 67 67 66 65 65 65 65 65 65 65 65 65 65 64 65 66 67 67 68 69 71 72 73 75 77 78 78 79
70 69 68 68 67 67 67 67 67 67 67 66 66 66 65 65 65 65 65 66 66 67 68 69 70 69 68 68 67 67 67 66 66 66 67 67 68 68 69 69 70 71 73 74 76 77 77 77 76 75 74 73 73 73 73 73 73 72 71 70 69 68 68 67 67 66 66 66 66 65 65 64 64 64 64 64 64 64 63 63 64 65 65 66 66 67 67 69 71 72 74 76 77 78 78 79
69 68 67 67 66 66 66 66 66 66 66 65 65 65 65 64 64 64 64 64 65 65 66 66 66 67 67 66 66 66 65 65 65 65 65 66 66 66 66 67 68 69 71 73 75 75 76 76 75 74 72 72 71 71 71 70 70 71 70 69 67 66 66 66 65 65 64 64 64 64 64 63 63 64 64 63 63 63 62 63 63 64 65 65 66 66 67 69 70 72 74 76 77 78 78 79
67 67 66 66 65 65 65 65 64 65 64 64 64 64 64 64 63 63 63 63 63 63 63 64 64 65 64 64 64 64 64 64 64 64 64 64 64 64 64 64 65 67 69 70 72 73 73 73 72 71 71 69 69 69 69 68 68 66 67 67 65 65 64 64 64 64 63 63 63 63 63 62 63 63 63 63 62 62 62 62 63 63 64 65 65 66 67 69 70 72 74 76 77 78 78 79
65 65 64 64 64 64 63 63 64 63 63 63 63 63 63 63 63 63 62 62 62 61 60 60 62 62 62 63 63 63 63 63 63 62 63 63 63 63 62 62 63 65 66 68 69 70 70 68 68 68 68 67 67 67 67 66 66 66 65 65 64 63 63 62 62 62 62 62 62 62 62 62 62 62 61 61 60 61 62 62 63 63 64 65 65 66 68 69 71 72 74 76 77 78 79 79
63 63 63 63 62 62 62 62 62 62 62 62 62 62 62 62 62 62 62 61 60 60 59 59 60 60 60 61 61 62 62 62 62 61 62 63 64 64 63 63 62 63 64 65 66 66 65 62 62 64 65 64 64 65 65 65 65 64 64 63 62 61 62 62 61 61 61 61 61 61 61 61 62 61 60 60 60 60 61 61 62 63 64 65 65 66 68 70 71 72 75 76 77 78 79 80
61 61 61 61 61 61 61 61 61 61 61 61 61 61 61 62 61 61 61 60 60 59 59 58 59 59 59 59 60 61 62 62 63 63 63 64 65 66 64 62 62 62 62 62 61 61 61 58 59 60 61 62 63 64 64 64 64 64 63 62 61 62 61 61 60 61 60 60 60 61 61 61 60 60 60 61 61 61 61 62 62 63 64 65 65 66 68 69 71 73 75 76 78 79 79 80
59 59 60 60 60 60 60 60 61 61 61 61 61 61 60 61 61 61 60 60 60 59 59 58 58 58 58 58 59 60 62 63 64 65 65 65 67 68 66 64 62 60 60 60 59 58 58 57 57 58 60 61 62 63 63 64 63 63 62 62 61 61 61 61 59 59 59 59 60 60 60 60 60 60 60 60 61 61 61 62 62 63 64 65 65 67 68 69 72 73 76 77 78 79 80 80
58 58 58 59 59 59 59 60 60 60 60 60 60 60 60 60 61 60 60 60 59 59 59 59 58 58 58 57 58 60 62 63 65 66 66 67 67 66 66 64 61 59 59 58 57 56 57 56 56 57 59 60 62 63 63 62 63 63 62 62 61 61 60 60 59 59 59 59 59 60 60 60 60 60 60 60 60 61 61 62 62 63 64 65 65 67 69 70 72 75 77 78 79 80 80 81
58 58 58 58 58 58 59 59 59 59 59 60 60 60 60 60 60 60 60 60 60 59 59 59 59 59 59 58 59 61 62 64 65 66 67 67 66 66 65 63 61 60 58 57 57 56 56 55 55 56 58 60 62 63 62 61 61 62 62 61 61 60 60 59 60 59 59 59 59 60 60 60 60 61 60 60 61 61 61 62 62 63 64 64 66 67 69 70 74 76 78 79 80 80 81 81
58 57 57 57 57 58 58 58 59 59 59 60 60 59 60 60 60 60 60 60 60 60 60 60 60 60 61 62 63 62 63 63 64 65 67 67 65 65 64 63 62 60 59 57 56 55 55 55 55 56 58 60 62 63 62 62 62 61 62 62 61 60 60 60 59 59 60 61 60 59 60 61 60 62 61 61 61 61 62 62 63 63 64 65 66 67 70 72 74 75 79 80 81 81 81 81
58 57 57 57 57 57 57 58 58 59 59 60 59 59 60 60 60 60 60 60 60 60 60 60 61 62 62 63 64 62 61 62 62 63 64 64 63 64 64 63 62 60 59 57 56 55 55 54 58 59 58 61 63 63 63 64 63 61 62 62 63 61 60 60 60 59 59 60 62 61 62 62 62 63 62 62 62 62 62 62 63 63 64 65 66 68 70 73 73 76 79 81 81 81 81 81
58 57 57 56 56 57 57 58 58 59 59 60 59 60 60 60 60 60 60 60 60 60 60 61 61 62 63 64 63 61 61 61 61 62 62 62 62 63 64 63 62 61 59 58 57 55 55 55 59 60 61 63 64 63 63 65 64 61 61 61 61 63 63 62 62 60 60 62 64 62 63 64 64 65 64 64 63 62 63 63 63 63 64 65 67 69 71 73 74 77 79 80 81 81 81 81
58 58 57 56 56 57 57 58 59 59 60 60 60 60 60 60 61 61 61 60 60 60 61 61 62 62 63 64 64 61 60 60 60 60 62 62 63 64 64 64 63 63 61 59 58 57 56 57 59 60 61 61 62 63 62 65 65 62 62 62 63 63 64 65 63 62 63 62 63 65 65 65 65 66 64 65 64 63 63 63 63 63 64 65 67 69 70 74 76 78 79 80 80 81 81 81
59 58 58 57 56 57 58 59 60 60 60 60 60 60 60 60 61 61 61 61 61 61 61 61 61 62 63 63 63 61 60 60 61 62 63 63 63 63 64 64 64 64 62 61 59 58 58 59 57 59 61 61 65 64 63 64 66 64 64 65 64 65 64 65 64 63 63 64 65 66 67 67 67 68 67 67 65 65 65 64 64 64 65 66 68 70 72 74 76 77 78 79 80 80 80 81
60 60 59 58 58 59 59 60 61 61 61 61 61 61 61 61 61 61 61 61 61 61 61 61 61 61 61 61 61 60 60 61 61 63 63 62 62 62 62 62 63 64 63 61 60 59 58 58 59 60 61 60 61 65 65 63 66 66 66 67 67 67 66 66 65 64 63 64 65 67 69 70 70 69 68 68 67 66 66 66 65 66 66 68 69 71 73 74 76 77 78 79 79 80 80 80
62 61 61 60 60 61 61 62 63 63 62 62 62 61 61 61 61 61 61 61 61 61 60 60 60 60 60 60 59 59 60 61 62 64 63 62 61 59 59 60 62 63 62 62 61 59 59 59 59 59 60 61 60 61 65 64 65 67 67 69 69 68 67 66 65 63 62 63 65 67 69 70 70 70 69 69 68 68 67 67 67 68 69 70 71 72 73 74 75 76 77 78 79 79 79 80
63 62 62 62 62 63 64 64 64 64 64 63 62 62 62 61 61 61 61 61 61 61 60 60 60 60 60 60 60 60 61 63 64 65 65 63 61 60 59 59 60 61 61 61 61 60 60 59 59 58 58 60 61 63 64 64 65 67 68 70 70 69 67 66 65 63 62 64 66 68 69 70 70 70 69 69 68 68 68 68 68 68 69 70 71 72 73 74 75 76 77 77 78 78 79 79
65 64 64 63 63 65 66 66 66 65 65 64 63 62 62 61 61 61 61 61 61 61 60 60 60 59 59 60 60 61 63 64 66 67 67 65 63 61 60 60 60 59 59 60 61 60 60 60 59 58 59 59 61 62 63 64 65 66 68 70 70 69 67 66 65 64 64 65 66 68 69 69 70 69 69 69 69 68 68 68 69 69 70 70 71 72 73 74 75 75 76 77 77 78 78 79
67 66 65 64 65 67 69 69 68 67 65 64 63 62 61 61 61 61 62 62 61 61 60 60 59 59 59 60 61 62 63 65 67 69 68 67 64 63 61 61 60 59 59 60 61 61 61 61 60 59 59 60 61 62 62 63 64 65 67 68 68 68 67 66 65 65 65 65 66 67 68 69 69 69 69 69 69 69 68 69 69 69 70 70 71 72 73 73 74 75 76 76 77 77 78 78
67 67 66 66 65 67 69 69 69 67 66 65 63 62 61 61 61 61 62 63 62 61 60 59 59 59 59 60 61 62 64 65 67 69 69 68 66 64 63 62 61 60 60 61 62 63 63 62 61 60 61 61 62 62 62 62 63 64 65 66 66 66 66 65 65 65 65 66 66 67 68 68 68 69 69 69 69 69 69 69 69 69 70 70 71 72 72 73 74 75 75 76 76 77 77 77
68 67 67 67 66 66 69 70 69 68 66 65 63 62 60 60 60 61 62 62 62 61 60 60 59 59 59 60 61 63 64 65 67 67 68 67 67 65 64 63 62 62 62 63 64 65 65 64 63 62 62 62 63 63 63 63 63 63 64 65 65 65 66 65 65 65 65 66 66 67 67 68 68 68 68 68 68 68 69 69 69 69 70 70 71 72 72 73 73 74 75 75 76 76 77 77
68 68 67 67 68 68 70 70 69 68 66 65 63 62 61 60 60 60 61 62 62 61 61 60 60 60 61 62 63 63 64 65 66 67 67 67 67 66 65 64 63 64 64 65 66 67 67 66 65 65 64 64 64 64 63 63 63 62 63 64 64 65 65 65 65 65 65 65 66 66 67 67 67 68 68 68 68 68 68 69 69 69 70 70 71 71 72 73 73 74 74 75 75 76 76 76
68 68 68 68 68 69 69 69 69 67 66 65 63 62 61 60 60 61 61 61 61 61 61 61 61 62 63 65 64 64 64 65 66 66 67 67 66 66 65 65 65 65 66 67 68 69 70 69 68 67 66 65 65 64 64 63 62 62 62 63 64 64 64 64 65 65 65 65 66 66 66 67 67 67 68 68 68 68 68 69 69 69 70 70 71 71 72 72 73 73 74 74 75 75 75 76
68 68 68 68 68 68 69 68 68 67 66 65 64 62 61 61 61 61 61 62 62 62 62 62 62 63 63 64 64 64 64 65 65 66 66 66 66 66 66 65 65 66 67 68 69 70 72 70 69 68 67 66 66 65 64 63 62 62 63 63 63 63 64 64 64 64 65 65 65 66 66 66 67 67 67 67 68 68 68 68 69 69 69 70 70 71 71 72 72 73 73 74 74 75 75 75
68 68 68 68 68 68 68 68 67 67 66 65 64 63 62 61 61 61 62 62 62 62 62 62 63 63 64 64 64 64 64 65 65 66 66 66 66 66 66 66 66 67 67 68 69 70 71 70 69 68 67 66 65 65 64 63 62 62 62 62 63 63 63 64 64 64 64 65 65 65 66 66 66 66 67 67 67 68 68 68 68 69 69 70 70 70 71 71 72 72 73 73 74 74 74 75
68 68 68 68 68 68 68 67 67 66 65 65 64 63 62 62 62 62 62 62 62 62 62 63 63 63 64 64 64 64 64 65 65 66 66 66 66 66 66 66 66 67 68 69 69 70 70 70 69 68 67 66 65 64 63 63 62 62 62 62 62 63 63 63 63 64 64 64 65 65 65 65 66 66 66 67 67 67 67 68 68 68 69 69 70 70 71 71 71 72 72 73 73 73 74 74
68 68 68 68 68 67 67 67 67 66 65 65 64 63 63 62 62 62 62 62 62 62 63 63 63 63 64 64 64 64 65 65 65 65 66 66 66 66 66 66 67 67 68 68 69 69 69 69 68 68 67 66 65 63 62 62 62 62 62 62 62 62 62 63 63 63 64 64 64 64 65 65 65 66 66 66 67 67 67 67 68 68 68 69 69 70 70 71 71 71 72 72 73 73 73 74
68 68 68 68 67 67 67 67 66 66 65 65 64 63 63 63 62 62 62 62 62 63 63 63 63 63 64 64 64 64 64 65 65 65 65 65 66 66 66 66 66 67 67 68 68 68 68 68 68 67 66 65 64 63 62 62 62 61 61 61 62 62 62 62 63 63 63 63 64 64 64 65 65 65 66 66 66 66 67 67 67 68 68 68 69 69 70 70 70 71 71 72 72 72 73 73
68 68 67 67 67 67 67 66 66 65 65 64 64 63 63 63 63 62 62 62 62 63 63 63 63 63 64 64 64 64 64 64 65 65 65 65 65 65 66 66 66 66 67 67 67 68 67 67 67 66 65 64 63 63 62 61 61 61 61 61 61 61 62 62 62 62 63 63 63 64 64 64 65 65 65 65 66 66 66 67 67 67 68 68 68 69 69 70 70 70 71 71 72 72 72 73
68 67 67 67 67 67 66 66 66 65 65 64 64 63 63 63 63 63 62 62 63 63 63 63 63 63 63 64 64 64 64 64 64 64 65 65 65 65 65 65 66 66 66 66 67 67 66 66 66 65 64 64 63 62 61 61 61 61 61 61 61 61 61 62 62 62 62 63 63 63 63 64 64 64 65 65 65 66 66 66 67 67 67 68 68 68 69 69 70 70 70 71 71 71 72 72
67 67 67 67 67 66 66 66 65 65 65 64 64 63 63 63 63 63 63 62 63 63 63 63 63 63 63 63 63 64 64 64 64 64 64 64 64 65 65 65 65 65 66 66 66 66 65 65 65 64 64 63 62 62 61 61 60 60 60 60 61 61 61 61 61 62 62 62 62 63 63 63 64 64 64 65 65 65 66 66 66 67 67 67 68 68 68 69 69 69 70 70 70 71 71 71
67 67 67 66 66 66 66 65 65 65 64 64 64 63 63 63 63 63 62 62 62 62 63 63 63 63 63 63 63 63 63 63 64 64 64 64 64 64 64 64 65 65 65 65 65 65 65 64 64 63 63 62 62 61 61 60 60 60 60 60 60 60 61 59 61 61 62 62 62 62 63 63 63 64 64 64 64 65 65 65 66 66 66 67 67 67 68 68 69 69 69 70 70 70 71 71
67 67 66 66 66 66 65 65 65 65 64 64 64 63 63 63 63 63 62 62 62 62 62 62 63 63 63 63 63 63 63 63 63 63 63 63 63 64 64 64 64 64 64 64 64 64 64 63 63 63 62 62 61 61 60 60 60 60 60 60 60 60 60 60 61 61 61 61 62 62 62 62 63 63 63 64 64 64 65 65 65 66 66 66 67 67 67 68 68 68 69 69 69 70 70 70
67 66 66 66 66 65 65 65 65 64 64 64 63 63 63 63 63 62 62 62 62 62 62 62 62 62 62 62 62 62 62 63 63 63 63 63 63 63 63 63 63 63 63 63 63 63 63 62 62 62 61 61 60 60 60 60 59 59 59 59 60 60 60 60 60 60 61 61 61 61 62 62 62 63 63 63 64 64 64 64 65 65 65 66 66 66 67 67 68 68 68 69 69 69 70 70
66 66 66 66 65 65 65 65 64 64 64 64 63 63 63 63 62 62 62 62 62 62 62 62 62 62 62 62 62 62 62 62 62 62 62 62 62 62 62 62 62 62 62 62 62 62 62 62 61 61 61 60 60 60 59 59 59 59 59 59 59 59 59 60 60 60 60 61 61 60 61 62 62 62 62 63 63 63 64 64 64 65 65 65 66 66 66 67 67 67 68 68 68 69 69 69
66 66 66 65 65 65 65 64 64 64 64 63 63 63 63 62 62 62 62 62 62 62 62 62 62 62 62 62 62 61 61 61 62 62 62 62 62 62 62 62 62 62 61 61 61 61 61 61 60 60 60 60 59 59 59 59 59 59 59 59 59 59 59 59 59 60 60 60 60 60 60 61 61 62 62 62 63 63 63 64 64 64 64 65 65 66 66 66 67 67 67 68 68 68 68 69
66 65 65 65 65 65 64 64 64 64 63 63 63 63 62 62 62 62 62 62 62 62 61 61 61 61 61 61 61 61 60 61 61 61 61 61 61 61 61 61 61 61 61 61 60 60 60 60 60 59 59 59 59 58 58 58 58 58 58 58 58 59 59 59 59 59 59 60 60 59 60 60 60 61 61 62 62 62 63 63 63 64 64 64 65 65 65 66 66 66 67 67 67 68 68 68
65 65 65 65 64 64 64 64 64 63 63 63 63 62 62 62 62 62 62 61 61 61 61 61 61 61 61 61 61 60 60 61 61 61 60 60 60 60 60 60 60 60 60 60 59 59 59 59 59 58 58 58 58 58 58 58 58 58 58 58 58 58 58 59 59 59 59 59 59 60 58 59 60 61 61 61 62 62 62 63 63 63 63 64 64 64 65 65 65 66 66 66 67 67 67 68
65 65 65 64 64 64 64 64 63 63 63 63 62 62 62 62 62 61 61 61 61 61 61 61 61 61 60 60 60 60 60 60 60 60 60 60 60 60 59 59 59 59 59 59 59 58 58 58 58 58 57 57 57 57 57 57 57 57 57 57 58 58 58 58 58 58 59 59 59 59 58 59 59 60 61 61 61 61 62 62 62 63 63 63 64 64 64 65 65 65 66 66 66 67 67 67
65 64 64 64 64 64 63 63 63 63 63 62 62 62 62 62 61 61 61 61 61 61 60 60 60 60 60 60 60 60 60 60 59 59 59 59 59 59 59 59 58 58 58 58 58 58 57 57 57 57 57 56 56 56 56 56 57 57 57 57 57 57 58 58 58 58 58 58 59 57 59 59 59 59 60 60 61 61 61 62 62 62 62 63 63 63 64 64 64 65 65 65 66 66 66 67
64 64 64 64 64 63 63 63 63 62 62 62 62 62 61 61 61 61 61 61 60 60 60 60 60 60 60 60 59 59 59 59 59 59 59 58 58 58 58 57 58 57 57 57 57 57 57 56 56 56 56 56 56 56 56 56 56 56 56 57 57 57 57 57 57 58 58 58 58 58 58 56 58 59 59 60 60 60 61 61 61 62 62 62 63 63 63 64 64 64 65 65 65 66 66 66
64 64 64 63 63 63 63 63 62 62 62 62 62 61 61 61 61 61 60 60 60 60 60 60 60 59 59 59 59 59 59 58 58 58 58 58 58 57 57 56 57 57 56 56 56 56 56 55 55 55 55 55 55 55 55 55 55 56 56 56 56 57 57 57 57 57 57 57 58 58 58 58 58 58 59 59 60 60 60 60 61 61 61 62 62 62 63 63 63 64 64 64 65 65 65 66
64 63 63 63 63 63 63 62 62 62 62 61 61 61 61 61 60 60 60 60 60 60 59 59 59 59 59 59 58 58 58 58 58 58 57 57 57 56 56 56 56 56 56 56 55 55 55 55 54 54 54 54 54 54 54 54 55 55 55 56 56 56 56 57 57 57 57 57 57 57 58 57 58 58 58 59 59 59 60 60 60 61 61 61 62 62 62 63 63 63 64 64 64 65 65 65
63 63 63 63 63 62 62 62 62 62 61 61 61 61 61 60 60 60 60 60 59 59 59 59 59 59 58 58 58 58 58 57 57 57 57 56 56 55 56 55 55 55 55 55 55 54 54 54 54 53 53 53 53 53 53 54 54 55 55 55 56 56 56 56 56 56 56 57 57 57 57 57 57 58 58 58 59 59 59 59 60 60 60 61 61 61 62 62 62 63 63 63 64 64 64 65
63 63 63 62 62 62 62 62 61 61 61 61 61 60 60 60 60 60 59 59 59 59 59 59 58 58 58 58 58 57 57 57 57 56 56 56 56 55 55 54 54 54 54 54 54 54 53 53 53 52 52 52 52 52 52 53 54 54 55 55 55 55 56 56 56 56 55 56 56 56 56 57 57 57 57 58 58 58 59 59 59 60 60 60 61 61 61 62 62 62 63 63 63 63 64 64
63 62 62 62 62 62 62 61 61 61 61 61 60 60 60 60 60 59 59 59 59 59 58 58 58 58 57 57 57 57 57 56 56 56 56 55 55 54 54 54 53 53 53 53 53 53 53 52 52 51 51 51 51 51 52 52 53 54 54 55 55 55 55 55 55 55 55 55 55 55 55 55 56 57 57 57 57 58 58 58 59 59 59 60 60 60 61 61 61 62 62 62 63 63 63 64
62 62 62 62 62 61 61 61 61 61 60 60 60 60 60 59 59 59 59 59 58 58 58 58 58 57 57 57 57 56 56 56 56 55 55 55 54 53 53 53 53 52 52 52 52 52 52 52 51 50 50 49 50 50 51 51 52 53 54 54 54 55 55 54 55 54 54 54 54 54 54 55 55 56 56 57 57 57 58 58 58 59 59 59 60 60 60 61 61 61 62 62 62 62 63 63
62 62 62 61 61 61 61 61 60 60 60 60 60 59 59 59 59 59 58 58 58 58 58 57 57 57 57 56 56 56 56 55 55 55 55 54 54 53 52 52 52 51 51 51 50 51 52 52 51 50 48 48 49 49 50 51 52 53 53 53 53 53 53 54 54 53 53 52 53 53 53 54 54 56 56 56 56 57 57 57 58 58 58 59 59 59 60 60 60 61 61 61 62 62 62 63
62 61 61 61 61 61 61 60 60 60 60 60 59 59 59 59 59 58 58 58 58 57 57 57 57 57 56 56 56 56 55 55 55 54 54 54 53 52 51 51 51 50 49 49 50 49 50 51 51 50 49 48 48 48 48 49 51 52 53 53 52 52 52 52 51 51 51 51 51 51 52 53 54 55 55 56 56 56 57 57 57 58 58 58 59 59 59 60 60 60 61 61 61 62 62 62
61 61 61 61 61 60 60 60 60 60 59 59 59 59 59 58 58 58 58 58 57 57 57 57 56 56 56 56 55 55 55 55 54 54 54 53 53 52 51 50 50 49 48 48 48 49 48 49 49 49 49 49 48 48 48 49 50 50 51 52 51 51 49 49 49 49 50 50 49 50 52 53 53 54 55 55 55 56 56 56 57 57 57 58 58 58 59 59 59 60 60 60 61 61 61 62
61 61 61 60 60 60 60 60 60 59 59 59 59 59 58 58 58 58 57 57 57 57 57 56 56 56 56 55 55 55 54 54 54 53 53 53 52 52 51 48 49 48 48 47 46 46 47 46 47 48 48 48 49 49 48 49 49 49 50 50 51 50 49 49 48 48 47 49 49 49 50 52 53 54 54 55 55 55 56 56 56 57 57 57 58 58 58 59 59 59 60 60 60 61 61 61
