MUSICEvapDataQueryTool/BOMEvapData/etapoct.txt
ncols         417
nrows         337
xllcorner     112.15
yllcorner     -43.8
cellsize      0.1
NODATA_value  -9999
[rows 42 to 83 of 337, columns 94 to 187 of 417]
211 211 211 211 212 212 212 212 212 212 212 212 213 213 213 213 213 213 213 213 214 214 214 214 214 214 214 215 215 215 215 215 215 216 215 216 216 216 217 216 216 217 217 218 217 216 217 217 217 217 218 218 218 218 218 218 218 218 218 218 219 219 219 220 220 220 220 219 219 219 219 218 218 218 217 217 216 216 215 215 214 213 213 212 211 211 210 209 209 208 208 208 208 207
211 211 211 211 211 211 211 211 211 212 212 212 212 212 212 212 212 213 213 213 213 213 213 213 213 214 214 214 214 214 214 214 215 215 215 215 215 215 215 215 215 215 215 217 216 215 215 216 216 216 216 217 217 217 217 217 217 217 217 218 219 218 219 219 220 220 220 219 219 219 218 218 218 217 217 217 216 216 216 215 214 214 213 212 212 211 211 210 210 209 209 208 208 208
210 210 210 210 210 211 211 211 211 211 211 211 211 212 212 212 212 212 212 212 212 212 213 213 213 213 213 213 213 213 214 214 214 214 214 214 214 214 214 214 214 214 214 214 214 214 214 214 214 215 215 216 216 216 216 216 216 217 217 218 218 218 218 218 219 219 219 219 219 219 218 218 218 217 217 217 216 216 216 215 215 214 213 213 213 212 211 211 210 210 209 209 208 208
210 210 210 210 210 210 210 210 210 211 211 211 211 211 211 211 211 211 211 212 212 212 212 212 212 212 212 212 213 213 213 213 213 213 213 213 213 212 212 212 213 212 212 213 213 213 213 212 213 213 213 214 214 215 215 215 215 216 216 217 218 218 218 218 218 218 219 218 219 218 218 218 217 217 217 216 216 216 216 215 215 214 214 213 213 213 212 211 211 211 210 209 209 209
209 209 209 209 209 210 210 210 210 210 210 210 210 210 210 211 211 211 211 211 211 211 211 211 211 212 212 212 212 212 212 212 212 212 212 212 212 211 211 211 211 211 211 211 211 211 211 211 211 212 213 213 214 214 214 214 214 215 216 216 217 217 217 218 218 218 218 219 218 218 217 217 217 217 217 216 216 216 215 215 215 214 214 213 213 213 213 212 212 211 211 210 210 209
208 209 209 209 209 209 209 209 209 209 209 210 210 210 210 210 210 210 210 210 210 210 211 211 211 211 211 211 211 211 211 211 211 211 211 212 211 211 210 210 210 210 209 209 209 210 209 210 210 210 211 211 212 213 212 213 213 214 215 216 216 216 216 217 218 218 219 218 218 217 217 217 216 216 216 216 215 215 215 215 215 214 214 213 213 213 213 213 212 211 211 211 210 209
208 208 208 208 208 208 209 209 209 209 209 209 209 209 209 209 209 210 210 210 210 210 210 210 210 210 210 210 210 210 210 210 211 211 211 210 210 211 210 209 209 209 208 208 208 208 208 208 208 209 210 211 211 211 212 212 213 214 214 214 215 216 217 217 217 218 218 218 217 217 216 216 216 216 216 215 216 215 215 215 215 214 214 213 214 213 213 212 212 211 212 211 211 209
207 208 208 208 208 208 208 208 208 208 208 208 209 209 209 209 209 209 209 209 209 209 209 209 209 209 209 210 210 210 210 210 209 209 209 209 209 209 209 208 207 207 207 207 207 207 207 207 207 207 209 209 209 210 210 211 212 213 213 214 215 216 217 217 217 218 218 217 217 216 216 216 215 215 215 215 215 215 215 214 214 214 214 214 214 214 213 212 212 212 212 212 210 209
207 207 207 207 207 207 207 208 208 208 208 208 208 208 208 208 208 208 208 208 208 209 209 209 209 209 209 209 208 209 209 208 208 208 208 208 208 207 207 208 207 207 206 206 205 205 205 205 206 206 207 208 208 209 210 210 211 212 212 214 215 215 216 217 217 218 217 217 216 215 215 215 215 215 215 215 214 214 214 214 214 214 214 214 214 214 213 213 213 213 213 212 211 209
206 206 207 207 207 207 207 207 207 207 207 207 207 207 207 208 208 208 208 208 208 208 208 208 208 208 208 207 208 208 208 207 208 208 208 207 207 206 206 206 206 206 205 205 204 204 204 204 204 205 206 207 208 208 209 209 209 211 211 212 214 214 214 216 217 217 216 216 215 214 214 214 214 214 214 214 214 214 214 213 213 214 214 214 214 214 214 214 214 214 213 212 210 209
206 206 206 206 206 206 206 206 207 207 207 207 207 207 207 207 207 207 207 207 207 207 207 207 207 207 207 207 207 207 207 206 206 206 206 206 206 205 205 204 205 204 204 204 203 203 203 203 203 204 205 206 206 207 207 208 209 210 211 212 212 214 214 215 216 217 215 214 214 213 213 213 213 213 213 213 213 213 213 213 213 214 214 214 214 214 215 215 215 214 213 212 211 209
205 205 206 206 206 206 206 206 206 206 206 206 206 206 206 206 206 206 206 207 207 207 207 207 207 207 207 207 206 206 206 206 205 206 206 205 205 205 204 204 204 203 203 203 202 202 202 202 202 203 204 205 205 206 206 207 208 208 209 211 212 213 214 214 214 213 212 212 213 213 213 213 212 212 212 212 212 212 212 212 213 213 213 213 214 214 215 215 215 214 212 212 211 209
205 205 205 205 205 205 205 205 205 205 205 206 206 206 206 206 206 206 206 206 206 206 206 206 206 206 206 206 205 205 205 205 205 205 204 204 204 204 204 203 202 202 202 202 202 202 202 202 202 203 203 204 204 205 206 207 207 207 209 209 210 211 212 211 211 211 211 211 211 211 211 212 212 212 211 211 211 210 210 211 212 212 212 213 214 214 214 214 215 214 212 211 210 208
204 204 204 205 205 205 205 205 205 205 205 205 205 205 205 205 205 205 205 205 205 205 205 205 205 205 205 205 205 204 205 205 204 204 204 203 203 203 203 203 202 201 201 200 201 201 201 201 201 202 203 203 203 204 205 206 206 207 208 208 208 210 210 209 209 210 209 209 209 210 210 210 210 210 210 210 210 210 210 210 211 211 211 212 213 213 213 213 213 213 212 211 208 207
204 204 204 204 204 204 204 204 204 204 204 204 204 204 205 205 205 205 205 205 205 205 205 205 205 205 205 205 204 204 204 204 203 202 202 202 202 202 201 202 202 201 200 200 200 200 201 201 201 201 202 202 203 203 204 205 205 206 207 207 207 208 209 209 208 208 208 208 208 209 209 209 209 209 209 209 210 210 209 209 210 210 210 211 212 212 211 211 211 211 210 208 206 205
203 203 203 203 203 204 204 204 204 204 204 204 204 204 204 204 204 204 204 204 204 203 204 204 204 204 204 204 204 203 203 203 202 202 202 202 201 201 200 200 200 200 200 200 199 200 200 200 200 201 201 202 202 203 203 204 204 204 205 205 206 206 207 207 207 207 207 207 207 207 207 208 208 208 208 208 209 209 209 209 209 209 209 210 210 210 210 210 209 209 208 206 205 204
203 203 203 203 203 203 203 203 203 203 203 203 203 203 203 203 203 203 203 203 203 203 203 203 203 203 203 203 203 203 202 202 202 202 201 201 201 200 199 200 200 199 199 199 199 199 199 199 200 200 200 201 201 202 202 203 203 203 203 203 204 205 205 206 205 206 206 206 206 206 206 206 206 206 207 207 207 207 208 208 207 207 208 208 208 208 207 208 207 207 206 205 204 203
202 202 202 202 202 202 202 203 203 203 203 203 203 203 203 203 203 203 203 202 202 202 202 203 203 202 203 203 203 202 201 201 201 200 200 201 200 200 199 199 199 199 198 198 198 198 198 199 199 199 200 200 200 201 202 202 202 202 202 202 203 204 204 204 204 204 205 205 205 204 205 205 205 206 206 206 206 206 206 206 206 206 207 206 206 206 206 206 206 205 204 203 202 201
202 202 202 202 202 202 202 202 202 202 202 202 202 202 202 202 202 202 202 201 202 201 201 201 202 202 202 202 201 201 200 200 200 200 200 200 199 199 199 199 199 198 198 197 197 198 198 198 198 199 199 199 200 200 200 201 201 201 201 201 202 203 203 203 203 204 204 204 204 204 204 204 204 205 205 204 204 204 205 205 205 205 205 205 205 204 204 204 204 202 202 201 200 199
201 201 201 201 201 201 201 201 201 201 202 202 202 202 202 202 202 202 202 202 202 201 201 201 200 200 201 201 201 201 201 200 200 200 200 199 199 199 198 198 198 197 197 197 197 197 197 197 197 198 198 199 199 199 199 200 200 200 200 201 201 201 201 202 202 202 203 202 202 202 203 203 203 203 203 203 203 203 203 204 204 204 204 203 203 202 203 202 202 201 201 199 198 197
201 201 201 201 201 201 201 201 201 201 201 201 201 201 201 201 201 201 201 201 200 200 200 200 199 199 200 200 200 200 199 199 199 199 199 198 198 198 197 197 197 197 196 196 196 196 197 197 197 197 197 198 198 198 199 199 199 199 199 200 200 200 200 201 201 201 201 201 201 201 202 202 202 202 202 202 202 202 202 202 203 203 202 201 201 200 200 200 200 200 199 198 197 196
200 200 200 200 200 200 200 200 200 200 200 200 200 200 200 200 200 200 200 200 200 199 199 199 199 199 199 199 199 199 199 198 198 198 198 197 197 197 197 197 196 196 196 196 196 196 196 196 196 196 197 197 197 198 198 198 198 198 198 198 199 199 199 200 200 200 200 200 201 200 201 201 201 201 201 201 201 201 201 201 201 201 200 200 199 199 199 199 198 198 197 196 195 194
200 200 200 200 200 200 200 200 200 200 200 200 199 199 199 200 200 200 200 199 199 199 199 199 199 199 199 198 198 199 198 197 197 197 197 197 196 196 196 196 196 196 196 196 196 195 196 196 196 196 196 196 197 196 197 197 197 197 197 197 198 198 198 199 199 199 199 198 199 200 200 200 200 200 200 199 199 200 200 200 200 200 199 198 198 198 198 197 197 196 196 195 194 194
199 199 199 199 199 199 199 199 199 199 199 199 199 199 199 199 199 199 199 199 199 199 198 198 199 198 198 198 197 198 198 197 197 196 197 197 196 196 196 195 195 195 195 195 195 195 195 195 195 195 195 195 195 196 196 196 196 196 196 196 197 196 197 197 197 198 198 198 198 199 199 199 198 198 198 198 198 198 198 198 198 198 198 197 196 196 196 196 196 195 195 194 193 193
198 199 199 199 199 198 199 199 199 199 198 198 198 198 198 198 199 199 199 199 199 199 198 198 198 198 198 198 197 197 197 196 196 196 196 196 196 196 195 195 195 195 194 194 195 195 195 194 194 195 195 194 195 195 195 195 195 195 196 196 196 196 196 196 196 197 197 197 197 197 197 197 197 197 196 197 196 197 197 197 196 196 196 195 195 195 195 194 194 194 193 193 192 192
198 198 198 198 198 198 198 198 198 198 198 198 198 198 198 198 198 198 198 198 198 198 198 197 197 197 197 197 197 196 196 196 196 196 195 195 195 195 195 195 195 194 194 194 194 194 194 194 194 194 194 194 194 194 194 194 194 194 195 194 195 194 195 195 195 196 196 195 196 195 196 196 196 196 196 196 195 195 195 195 195 194 194 194 194 194 193 193 193 192 192 192 191 191
197 197 197 198 198 198 198 197 197 197 197 197 197 197 197 197 197 198 197 197 197 197 197 197 197 197 196 196 196 196 196 196 196 195 195 194 194 194 194 194 194 194 194 194 194 194 194 193 193 193 193 193 193 193 193 193 193 193 193 193 193 194 194 194 194 195 195 194 194 195 195 194 195 195 195 195 194 194 193 193 193 193 193 193 192 192 192 191 191 191 191 190 190 190
197 197 197 197 197 197 197 197 196 196 196 196 196 196 196 196 196 197 197 197 196 196 197 196 196 196 196 196 196 196 195 195 195 195 195 194 194 193 193 193 194 194 194 193 193 193 193 193 193 193 193 192 192 192 192 192 192 193 192 193 192 192 193 192 193 193 194 193 193 193 193 193 194 193 193 193 193 193 192 192 192 192 191 191 191 190 190 190 190 190 189 189 189 189
196 196 196 196 196 196 196 196 196 196 195 196 196 196 196 196 196 196 196 196 196 196 196 196 196 195 195 195 195 195 195 195 195 194 194 194 193 193 192 192 192 193 193 192 192 193 192 192 192 192 192 192 192 192 192 191 192 191 191 192 191 192 192 192 192 192 192 192 192 192 193 193 193 192 192 192 192 192 191 191 191 190 190 190 189 189 189 189 188 188 188 188 188 188
196 196 196 196 196 196 195 195 195 195 195 195 195 195 195 195 195 195 195 196 195 195 195 195 195 195 195 195 195 194 194 194 194 194 194 193 193 192 191 191 191 191 192 192 192 192 192 192 191 191 191 191 191 191 191 191 190 190 190 191 191 191 191 191 191 191 191 191 191 191 191 191 191 191 191 191 190 190 190 189 189 189 189 188 188 188 187 187 187 187 187 187 187 187
195 195 195 195 195 195 195 194 194 194 194 194 194 195 195 195 195 195 195 195 195 195 194 194 194 194 194 194 194 194 194 193 193 193 193 193 193 192 192 191 190 191 191 191 191 191 191 191 191 191 190 191 191 190 190 189 189 190 190 190 190 190 190 190 191 190 190 190 190 190 190 190 190 190 189 189 189 189 188 188 188 187 187 187 186 186 186 186 186 186 186 186 186 186
195 195 195 195 195 195 194 194 194 194 194 194 194 194 194 194 194 194 194 194 194 194 194 194 194 194 194 193 193 193 193 193 193 193 192 192 192 192 191 191 191 191 191 191 190 190 190 190 190 190 190 190 189 189 189 189 189 189 189 189 189 189 189 189 189 190 190 189 189 189 189 189 189 189 188 187 187 187 187 186 186 186 186 185 185 185 185 184 184 184 184 185 184 184
194 194 194 194 194 194 194 194 193 194 194 194 194 194 193 194 194 194 194 194 194 193 193 193 193 193 193 193 193 193 192 192 192 192 192 192 191 191 191 191 191 191 191 191 190 190 190 189 189 189 189 189 189 189 188 189 189 188 188 188 188 188 188 188 188 188 188 188 188 189 188 188 188 187 187 186 186 186 185 185 185 185 184 184 184 184 183 183 183 183 183 183 183 183
194 194 194 194 194 194 193 193 193 193 193 193 193 193 193 193 193 193 193 193 193 193 193 192 192 192 192 192 192 192 192 192 191 191 191 191 190 190 190 190 190 190 190 190 190 189 189 189 188 189 188 189 188 188 188 188 188 187 187 187 187 187 187 187 187 187 187 188 188 187 187 187 186 186 186 185 185 185 184 184 184 183 183 183 182 182 182 182 181 181 182 181 181 181
193 193 193 193 193 193 193 193 193 193 193 193 193 193 192 192 192 192 192 192 192 192 192 192 192 192 192 192 192 191 191 191 191 191 190 190 190 190 190 190 190 190 190 190 189 189 188 188 188 188 188 188 188 188 187 187 187 187 186 186 186 187 186 187 187 186 186 186 186 186 186 185 185 185 185 184 184 183 183 183 183 182 182 181 181 181 181 180 180 180 180 180 180 180
193 193 193 193 193 193 192 193 192 192 192 192 192 192 192 192 192 192 192 192 192 192 192 191 191 191 191 191 191 191 191 191 190 190 190 190 189 189 189 189 189 189 189 189 189 188 188 188 188 188 187 187 187 187 186 186 186 186 186 185 185 185 186 185 185 185 185 185 185 185 185 184 184 184 183 183 183 182 182 182 181 181 181 180 180 179 179 179 179 179 178 178 178 178
192 192 192 192 192 192 192 192 192 192 192 192 191 191 191 191 191 191 191 191 191 191 191 191 191 191 191 191 190 190 190 190 190 190 189 189 189 189 189 189 189 189 188 188 188 188 188 187 187 187 187 187 186 186 186 186 186 185 185 185 185 185 185 184 184 185 184 184 184 184 184 183 183 183 182 182 182 181 181 181 180 180 179 179 178 178 178 177 177 177 177 177 177 177
192 192 192 192 192 192 192 191 191 191 191 191 191 191 191 191 191 191 191 190 190 190 190 190 190 190 190 190 190 190 190 189 189 189 189 189 188 188 188 188 188 188 188 188 187 187 187 187 186 186 186 186 186 185 185 185 185 184 184 184 184 184 184 184 184 184 184 183 183 183 182 182 182 182 181 181 181 180 180 180 179 179 178 178 177 177 176 176 176 175 175 175 175 176
191 191 191 191 191 191 191 191 191 190 190 190 190 190 190 190 190 190 190 190 190 190 190 190 190 190 189 189 189 189 189 189 189 188 188 188 188 188 188 188 187 187 187 187 187 186 186 186 186 186 186 185 185 185 184 184 184 184 183 183 183 183 183 183 183 183 182 182 182 182 181 181 181 180 180 180 180 179 179 178 178 178 177 177 176 176 175 175 174 174 173 173 174 174
191 191 191 191 190 190 190 190 190 190 190 190 189 189 189 189 189 189 189 189 189 189 189 189 189 189 189 189 189 189 188 188 188 188 188 188 187 187 187 187 187 186 186 186 186 186 186 185 185 185 185 185 184 184 184 184 183 183 183 182 182 182 182 182 182 182 181 181 181 181 181 180 180 180 180 179 179 178 178 178 177 177 176 176 175 175 174 174 173 173 172 172 173 173
190 190 190 190 190 189 189 189 189 189 189 189 189 189 189 189 189 189 189 189 189 189 188 188 188 188 188 188 188 188 188 188 187 187 187 187 187 187 187 186 186 186 186 185 185 185 185 184 184 184 184 184 184 183 183 183 183 182 182 182 181 181 181 181 181 181 181 180 180 180 180 180 179 179 179 178 178 178 177 177 176 176 175 175 174 174 173 173 172 172 171 171 172 172
190 190 189 189 189 189 189 189 189 188 188 188 188 188 188 188 188 188 188 188 188 188 188 188 188 187 187 187 187 187 187 187 187 187 186 186 186 186 186 186 186 185 185 185 185 184 184 184 184 184 184 183 183 183 182 182 182 182 181 181 181 181 180 180 180 180 180 180 180 179 179 179 178 178 178 177 177 177 176 176 175 175 174 174 173 173 172 172 171 171 171 171 171 171
