MUSICEvapDataQueryTool/BOMEvapData/etapnov.txt
ncols         417
nrows         337
xllcorner     112.15
yllcorner     -43.8
cellsize      0.1
NODATA_value  -9999
[rows 84 to 125 of 337, columns 282 to 375 of 417]
200 200 200 200 199 199 199 199 199 199 198 198 198 198 197 197 197 197 196 196 196 195 195 194 194 194 194 194 194 194 193 192 191 191 190 190 191 192 192 192 192 192 192 192 193 192 193 194 194 194 195 195 196 196 197 201 202 203 204 206 207 207 209 211 212 214 215 217 218 219 220 220 221 221 222 222 222 223 223 223 224 224 224 225 225 225 226 226 226 227 227 227 228 228
199 199 199 199 199 199 198 198 198 198 198 198 197 197 197 197 196 196 196 196 196 195 195 194 194 194 194 193 193 193 193 193 192 191 190 190 191 192 191 192 192 191 192 192 193 193 193 193 194 194 195 195 196 195 196 199 200 202 203 205 206 207 209 210 212 213 215 216 218 219 219 220 221 221 221 222 222 222 223 223 223 224 224 224 224 225 225 226 226 226 227 227 227 227
198 198 198 198 198 198 198 198 197 197 197 197 197 197 196 196 196 196 196 195 195 195 195 194 193 193 193 193 193 193 193 192 192 191 189 190 191 191 191 191 191 191 191 191 192 193 192 192 193 194 194 194 195 195 194 195 197 200 202 204 205 206 208 209 211 213 215 216 218 219 219 220 220 221 221 221 222 222 222 222 223 223 223 224 224 224 225 225 225 226 226 226 227 227
197 197 197 197 197 197 197 197 197 197 197 196 196 196 196 196 195 195 195 195 195 195 194 194 193 193 192 192 192 192 192 191 191 190 189 189 189 190 190 189 191 191 191 191 191 192 192 193 193 193 193 194 194 194 194 193 194 194 198 201 204 205 206 208 210 212 214 216 217 218 219 220 220 221 221 221 221 221 222 222 222 222 223 223 223 224 224 225 225 225 226 226 226 227
197 197 197 197 196 196 196 196 196 196 196 196 196 196 195 195 195 195 195 194 194 194 194 194 193 193 192 192 191 192 192 191 191 190 189 188 188 189 189 189 190 190 190 190 191 191 191 191 192 192 193 192 193 193 193 194 192 193 195 197 200 203 205 207 208 212 214 216 217 218 219 219 220 220 220 221 221 221 221 221 222 222 222 223 223 223 224 224 225 225 225 226 226 226
196 196 196 196 196 196 196 196 195 195 195 195 195 195 195 195 194 194 194 194 194 194 194 193 193 193 192 192 191 190 191 191 190 189 189 188 187 188 188 189 189 189 189 189 190 190 190 190 191 191 192 192 192 193 193 192 192 193 194 193 197 201 202 204 207 211 214 216 217 218 219 219 219 220 220 220 220 220 220 221 221 221 221 222 222 223 223 224 224 224 225 225 226 226
195 195 195 195 195 195 195 195 195 195 195 195 194 194 194 194 194 194 194 194 193 193 193 193 193 192 192 192 191 190 190 190 190 190 189 188 187 188 187 188 188 188 188 189 189 189 189 189 190 190 191 191 191 192 192 192 192 193 194 194 194 198 200 201 204 209 212 215 216 217 217 219 219 219 219 219 219 219 220 220 220 220 221 221 222 222 223 223 223 224 224 225 225 225
194 194 194 194 194 194 194 194 194 194 194 194 194 194 194 194 194 193 193 193 193 193 193 193 192 192 192 191 191 189 189 189 189 189 188 188 186 186 186 187 187 187 187 188 188 188 188 189 189 189 189 188 189 190 191 191 191 192 192 192 193 196 198 200 203 207 211 213 215 216 217 218 218 218 218 218 218 218 219 219 219 219 220 220 221 221 222 222 223 223 224 224 225 225
193 193 193 193 193 193 193 193 193 193 193 193 193 193 193 193 193 193 193 193 193 192 192 192 192 191 191 191 190 189 188 188 188 188 186 186 185 185 186 186 186 187 187 188 188 188 188 188 188 188 188 188 189 189 190 190 190 190 190 192 192 193 197 199 202 199 207 211 213 215 216 216 217 217 217 217 217 217 218 218 218 218 219 219 220 221 221 222 222 223 223 224 224 225
192 192 192 192 193 193 193 193 193 193 193 193 193 193 193 193 193 193 192 192 192 192 192 192 191 191 191 190 190 189 188 187 186 186 186 184 184 184 185 185 185 186 186 187 187 187 187 187 187 187 187 188 188 188 188 188 188 188 189 190 191 191 194 197 201 200 205 209 212 214 215 215 216 216 216 216 216 216 216 217 217 217 218 219 219 220 221 221 222 223 223 223 224 224
191 191 192 192 192 192 192 192 192 192 192 192 192 192 192 192 192 192 192 192 192 192 191 191 191 191 191 190 190 189 188 187 186 185 185 184 184 185 184 185 186 186 186 186 186 186 186 186 186 186 187 187 187 187 187 187 187 188 188 188 190 190 192 195 199 202 205 208 210 212 214 214 214 214 214 215 215 215 215 215 216 216 217 218 218 219 220 221 221 222 223 223 223 224
190 190 191 191 191 191 191 191 191 191 191 192 192 192 192 192 192 192 192 191 191 191 191 191 191 190 190 190 190 189 188 187 186 185 185 185 185 184 184 184 185 185 185 185 185 185 184 185 185 185 186 186 186 186 186 186 186 186 186 187 188 190 193 193 197 200 203 206 208 209 211 212 213 213 209 213 213 213 213 214 214 215 216 216 217 218 219 220 221 222 222 223 223 223
190 190 190 190 190 190 190 191 191 191 191 191 191 191 191 191 191 191 191 191 191 191 191 191 190 190 190 190 190 189 188 187 186 186 185 185 185 184 183 183 183 183 183 184 183 184 184 184 184 184 185 185 185 185 185 184 184 185 185 186 187 188 190 193 196 197 201 203 205 206 208 209 210 210 210 211 209 212 212 212 213 214 214 215 216 217 219 220 221 221 222 222 222 223
189 189 189 189 189 189 190 190 190 190 190 190 190 191 191 191 191 191 191 191 191 191 190 190 190 190 190 190 189 189 189 188 187 187 185 185 185 184 183 183 182 182 182 183 183 183 183 183 183 184 184 184 184 184 183 183 183 183 183 184 186 187 189 191 193 194 199 201 203 204 205 205 207 208 208 208 208 209 209 211 211 212 213 214 215 217 218 220 221 221 222 222 222 222
188 188 188 188 188 189 189 189 189 190 190 190 190 190 190 190 190 190 190 190 190 190 190 190 190 190 190 189 189 189 188 188 188 187 186 186 185 184 183 183 182 182 183 183 182 182 182 182 183 183 183 183 183 182 182 182 182 181 181 182 184 185 188 189 191 194 195 198 201 202 202 201 203 203 205 205 205 207 207 209 210 210 212 213 215 212 218 220 221 221 221 221 221 221
187 187 187 187 188 188 188 189 189 189 189 189 189 189 190 190 190 190 190 190 190 190 190 190 190 190 190 189 189 189 188 188 188 187 187 186 185 184 183 182 182 182 182 183 182 182 182 182 182 182 181 182 182 182 181 181 181 180 180 181 183 185 187 189 191 191 192 195 199 200 200 202 202 202 201 202 204 204 205 206 206 207 209 213 215 217 219 220 221 221 221 221 221 221
186 186 186 187 187 187 188 188 188 188 188 189 189 189 189 189 189 190 190 190 189 189 190 189 190 190 190 189 189 189 188 188 187 187 187 186 185 184 183 182 182 182 182 183 182 181 182 181 181 180 180 181 181 181 181 181 180 180 180 181 182 184 186 188 190 189 192 192 196 199 198 199 199 200 200 201 201 202 200 202 204 205 207 211 215 217 219 221 221 221 220 220 220 220
185 185 186 186 186 186 187 187 187 188 188 188 188 188 189 189 189 189 189 189 189 189 189 189 189 189 189 189 189 188 188 188 188 187 187 186 185 184 183 183 183 182 182 182 181 181 181 181 180 181 181 181 181 181 181 181 180 180 180 181 182 183 185 186 189 190 191 191 193 196 196 197 197 197 198 198 199 199 199 200 202 204 206 207 213 219 221 221 221 220 220 219 219 219
184 184 185 185 185 186 186 187 187 187 187 188 188 188 188 188 188 189 189 189 189 189 189 189 189 189 189 189 189 188 188 188 187 187 186 186 186 185 184 184 183 183 183 182 181 181 181 180 181 181 181 181 181 181 181 181 181 181 181 181 182 184 185 186 188 190 191 191 191 195 195 197 197 197 196 195 196 197 197 198 199 201 204 209 212 219 218 220 219 219 218 218 218 218
183 183 184 184 185 185 185 186 186 187 187 187 187 187 188 188 188 188 188 188 188 189 189 189 189 189 189 189 188 188 188 188 187 187 186 186 186 184 185 184 184 183 183 182 181 181 181 181 181 181 181 181 181 181 181 181 181 181 182 182 182 184 185 186 187 189 191 191 192 192 194 195 196 196 195 194 194 194 195 196 197 197 201 207 211 215 217 217 217 217 216 216 216 216
182 183 183 183 184 184 185 185 186 186 186 187 187 187 187 187 187 188 188 188 188 188 188 188 188 188 188 188 188 188 188 187 187 187 187 186 186 185 184 184 184 183 183 182 182 181 181 181 181 181 181 181 181 181 181 181 181 181 182 182 183 184 186 186 187 189 190 190 191 190 191 193 193 194 194 193 193 194 194 194 195 196 199 203 208 211 213 212 214 214 214 214 214 214
182 182 182 183 183 184 184 185 185 185 186 186 186 186 187 187 187 187 187 187 187 188 188 188 188 188 188 188 188 188 187 187 187 187 186 186 186 185 185 184 183 183 182 182 182 181 181 181 181 181 181 181 181 181 181 181 182 182 182 183 183 184 185 186 187 189 188 189 189 190 190 191 192 193 193 193 193 193 193 193 194 195 198 201 204 207 209 210 211 211 211 212 212 212
181 181 181 182 183 183 184 184 184 185 185 185 186 186 186 186 186 187 187 187 187 187 187 187 187 187 188 188 187 187 187 187 186 186 186 185 185 185 184 184 183 183 182 182 182 181 181 181 181 181 180 180 181 181 182 182 182 182 183 183 184 184 185 186 187 188 188 189 189 189 189 189 190 192 192 192 192 192 192 192 193 193 195 199 201 203 204 206 207 208 206 209 210 211
181 181 180 181 182 183 183 183 184 184 185 185 185 185 186 186 186 186 186 186 187 187 187 187 187 187 187 187 187 187 186 186 186 185 185 185 185 184 183 183 183 182 182 182 182 181 181 181 181 180 180 181 181 181 182 182 182 182 183 183 184 185 185 186 187 187 187 188 188 188 189 189 189 190 191 191 190 190 190 191 191 191 192 196 198 199 202 202 204 205 206 207 208 209
181 181 180 181 182 182 182 183 183 184 184 184 185 185 185 185 185 185 186 186 186 186 186 186 186 186 186 186 186 186 186 185 185 185 185 184 184 184 183 183 182 182 182 182 182 181 181 181 181 180 180 181 181 181 182 182 182 183 183 184 184 185 185 186 187 187 187 188 188 188 188 188 189 189 189 190 189 189 190 190 190 190 191 194 195 196 197 198 200 202 204 205 206 207
180 180 180 180 181 182 182 182 183 183 183 184 184 184 184 185 185 185 185 185 185 186 186 186 186 186 186 185 185 185 185 185 184 184 184 184 184 183 183 183 182 182 182 182 181 181 181 181 181 181 181 181 181 181 181 182 182 183 183 183 184 185 185 186 187 187 187 188 188 188 188 188 188 188 189 189 189 189 189 189 189 190 191 193 194 194 195 195 198 200 201 203 204 205
179 179 179 179 180 181 182 182 182 183 183 183 183 184 184 184 184 184 184 185 185 185 185 185 185 185 185 185 185 184 184 184 184 184 183 183 183 183 183 183 182 182 182 181 181 181 181 181 181 181 181 181 181 181 181 182 182 183 183 183 184 184 185 185 186 187 187 187 188 188 188 187 187 188 188 188 188 188 188 189 188 188 190 191 192 193 193 193 195 198 200 201 202 204
179 179 179 179 180 181 181 182 182 182 182 183 183 183 183 183 184 184 184 184 184 184 184 184 184 184 184 184 184 184 184 183 183 183 183 183 183 183 182 182 182 181 181 181 181 181 181 181 181 181 181 181 181 181 181 182 182 183 183 184 184 184 185 186 187 187 187 188 188 188 187 187 187 188 188 188 188 188 188 188 188 188 189 189 191 191 191 192 194 197 198 200 201 202
178 179 179 178 179 180 181 181 181 181 182 182 182 182 182 183 183 183 183 183 184 184 184 184 184 184 184 184 183 183 183 183 183 183 182 182 182 182 182 182 182 181 181 181 181 181 181 181 181 181 181 180 181 181 182 182 182 182 183 184 184 184 185 186 186 187 187 187 188 187 187 188 187 187 187 187 187 186 187 187 188 188 188 188 190 190 190 191 193 195 197 199 200 201
178 178 178 178 179 180 180 181 180 181 181 181 181 182 182 182 182 183 183 183 183 183 183 183 183 183 183 183 183 183 182 182 182 182 182 182 182 182 182 182 181 181 181 181 181 181 181 181 181 181 181 181 181 182 182 182 182 182 183 184 185 185 186 186 187 187 187 188 188 188 188 187 187 187 187 187 186 187 186 187 188 188 188 188 189 189 190 190 192 194 195 198 199 200
178 178 178 178 179 179 180 180 180 180 180 181 181 181 181 182 182 182 182 182 182 182 182 182 183 183 182 182 182 182 182 182 181 181 181 181 181 181 181 181 181 181 181 181 181 181 181 181 181 181 181 181 181 181 182 182 182 182 183 184 185 185 186 187 187 187 187 187 188 188 188 187 187 187 187 186 187 186 186 187 187 188 188 188 189 189 189 190 191 193 195 197 198 199
178 178 178 178 179 179 179 180 180 180 180 180 181 181 181 181 181 182 182 182 182 182 182 182 182 182 182 182 182 182 182 181 181 181 181 181 181 181 181 181 181 180 181 180 181 181 181 181 181 181 181 181 181 181 182 182 182 182 183 184 185 186 186 187 187 187 187 187 188 188 188 187 187 187 186 186 186 186 186 187 187 188 188 188 188 189 189 189 191 193 194 196 197 198
178 178 178 178 179 179 179 179 179 179 180 180 180 180 180 180 181 181 181 181 181 181 181 182 182 181 181 181 181 181 181 181 181 180 180 180 180 181 181 180 180 180 180 180 180 180 181 181 181 181 181 181 181 181 182 182 182 183 184 184 185 186 186 187 187 188 188 188 188 188 188 187 187 186 186 186 186 186 186 186 187 187 188 188 189 189 189 189 190 192 194 196 197 198
178 178 178 178 179 179 179 179 179 179 179 179 179 180 180 180 180 180 180 181 181 181 181 181 181 181 181 181 181 181 180 180 180 180 180 180 180 180 180 180 180 180 180 180 180 180 180 181 181 181 181 181 181 181 182 182 183 183 184 185 185 186 186 187 187 188 188 188 188 188 188 187 187 187 186 186 186 186 186 187 187 187 188 188 189 189 188 189 189 190 193 195 196 197
177 178 178 178 178 178 178 179 179 179 179 179 179 179 179 180 180 180 180 180 181 180 180 181 181 180 180 180 180 180 180 180 180 179 180 180 180 180 180 180 180 180 180 180 180 180 180 181 181 181 181 181 180 181 182 182 183 184 184 185 185 186 186 187 188 188 188 188 188 188 188 187 187 187 186 186 186 186 186 187 187 187 188 188 189 189 189 190 190 191 191 194 196 197
177 177 178 178 178 178 178 178 178 179 179 179 179 179 179 179 179 180 180 180 180 180 180 180 180 180 180 180 180 180 179 179 179 179 179 179 179 179 179 179 179 179 180 180 180 180 180 180 181 181 181 181 180 181 182 182 183 183 184 184 185 186 186 186 187 188 188 188 188 188 187 187 187 187 186 186 186 186 187 187 187 187 188 188 189 189 189 189 190 190 191 194 195 196
177 177 178 178 178 178 178 178 178 178 179 179 179 179 179 179 179 179 179 180 180 180 180 180 179 179 179 179 179 179 179 179 179 178 178 178 178 179 179 179 179 179 179 179 179 180 180 180 181 181 181 180 181 181 182 183 183 183 184 184 185 186 186 187 187 188 188 188 188 188 187 187 187 187 186 186 186 186 187 187 187 188 188 189 189 189 189 189 189 189 192 193 195 196
177 177 178 178 178 178 178 178 178 178 178 179 179 179 179 179 179 179 179 179 179 179 179 179 179 179 179 179 179 178 178 178 178 178 178 178 178 178 178 178 179 179 179 179 179 180 180 180 180 181 181 181 181 182 182 182 183 183 184 184 185 186 186 187 187 187 187 187 187 187 187 187 187 187 186 186 186 186 187 187 188 188 188 189 189 189 190 190 189 190 192 193 194 194
177 177 177 177 178 177 177 177 178 178 178 178 178 178 179 178 178 178 179 179 179 179 178 179 178 178 178 178 178 178 178 178 178 177 177 177 177 177 178 178 178 178 179 179 179 179 180 180 180 180 181 181 181 182 182 182 183 183 184 184 185 185 186 186 186 187 187 187 187 187 187 187 187 187 186 186 186 186 187 187 188 188 188 189 189 189 190 189 189 188 191 193 193 194
177 177 177 177 177 177 177 177 178 178 178 178 178 178 178 178 178 178 178 178 178 178 178 178 178 178 178 177 177 177 177 177 177 177 177 177 177 177 177 178 178 178 178 178 179 179 179 180 180 180 181 181 181 181 182 182 182 183 183 184 185 185 186 185 186 186 187 187 187 186 187 187 187 187 186 185 186 186 187 187 188 188 188 189 189 189 190 190 190 188 189 192 193 193
177 177 177 177 177 177 177 177 177 178 178 178 178 178 178 178 178 178 178 178 178 178 177 177 177 177 177 177 177 177 177 177 176 176 176 176 176 177 177 177 177 178 178 178 178 179 179 179 180 180 180 181 181 181 182 182 182 183 183 183 184 185 185 185 185 185 187 187 187 186 186 187 187 188 187 186 185 187 187 187 188 188 188 189 189 189 190 190 190 189 189 192 192 193
177 177 177 177 177 177 177 177 177 177 177 177 178 177 178 178 178 178 178 177 177 177 177 177 177 176 176 176 176 176 176 176 176 176 176 176 176 176 176 177 177 177 177 178 178 178 179 179 180 180 180 180 180 181 181 182 182 182 182 183 184 185 185 185 185 185 186 187 186 186 187 188 188 188 188 187 187 186 187 187 188 188 188 189 189 189 189 190 190 190 189 191 191 192
