MUSICEvapDataQueryTool/BOMEvapData/etapdec.txt
ncols         417
nrows         337
xllcorner     112.15
yllcorner     -43.8
cellsize      0.1
NODATA_value  -9999
[rows 126 to 167 of 337, columns 282 to 375 of 417]
204 204 204 204 204 205 205 205 205 205 206 206 206 206 206 206 206 206 206 206 205 205 205 205 204 204 204 203 203 203 203 203 202 202 202 201 201 200 200 200 199 199 198 197 197 196 196 195 194 194 193 192 191 190 191 190 189 189 188 188 189 189 188 188 187 185 186 185 183 182 181 181 180 181 181 182 182 182 182 184 186 188 189 190 191 191 192 193 194 195 194 195 196 196
204 204 204 204 204 205 205 205 205 205 205 206 206 206 206 206 206 206 206 205 205 204 205 205 204 204 203 203 203 203 203 203 203 202 202 201 201 200 200 200 199 199 198 198 197 196 196 195 195 194 193 192 190 190 190 190 189 189 188 188 189 189 188 188 187 185 185 185 183 182 182 182 181 182 182 183 184 185 185 185 187 189 190 191 192 193 193 194 195 196 195 194 195 196
204 204 204 204 204 204 205 205 205 205 205 206 206 206 206 206 206 206 205 205 205 204 204 204 204 204 204 203 203 203 203 203 203 202 202 201 201 200 200 200 199 199 198 197 197 196 196 195 194 194 193 192 190 190 190 190 189 188 188 189 189 189 188 188 187 187 185 185 184 183 183 183 183 183 184 185 185 186 187 188 189 190 191 192 193 194 195 195 195 196 197 196 195 197
204 204 204 204 204 204 205 205 205 205 205 206 206 206 205 205 205 205 205 204 204 204 204 204 204 204 204 203 203 203 203 203 202 202 202 201 201 200 200 200 199 198 198 197 197 196 195 195 194 194 193 192 191 190 191 190 189 188 188 189 189 189 188 188 188 187 186 185 184 184 184 184 184 185 186 186 187 188 189 189 190 191 192 193 194 195 195 196 196 196 197 197 196 196
203 204 204 204 204 204 205 205 205 205 205 205 205 205 205 205 205 205 204 204 204 204 204 204 204 204 203 203 203 202 203 203 202 202 202 201 201 200 200 200 199 199 198 197 197 196 195 194 194 193 193 192 191 191 191 190 190 189 189 189 189 189 188 188 188 187 187 186 185 184 185 185 186 186 187 188 189 189 190 191 191 192 193 194 195 196 196 197 197 197 197 198 198 197
203 204 204 204 204 204 204 205 205 205 205 205 205 205 205 205 204 204 204 204 204 204 204 204 204 204 203 203 203 203 203 203 202 202 202 201 201 201 200 200 199 198 198 197 196 196 195 194 194 193 193 192 191 190 190 190 190 189 189 189 189 189 189 188 188 188 187 185 184 185 186 186 187 188 188 189 190 191 192 193 193 193 194 195 196 197 197 197 198 199 199 199 199 198
203 203 204 204 204 204 204 205 205 205 205 205 205 205 205 204 204 204 204 204 204 204 204 203 203 204 203 203 203 203 203 202 202 202 202 202 201 201 200 200 199 199 198 197 196 196 195 194 193 193 192 192 191 190 191 191 190 189 189 189 189 189 189 188 188 188 187 186 184 184 187 187 189 189 190 191 192 193 193 194 195 195 196 196 197 197 198 198 199 199 200 200 200 199
203 203 203 204 204 204 204 204 204 204 205 205 204 204 204 204 204 204 204 204 204 204 203 203 203 203 203 203 203 203 203 202 202 202 202 202 201 201 200 200 199 199 198 197 196 196 195 194 193 193 192 192 191 191 191 190 190 190 189 189 189 189 189 189 189 188 188 186 184 185 187 190 190 191 191 192 193 194 195 195 196 197 197 197 198 198 198 200 200 201 201 201 201 201
203 203 203 203 204 204 204 204 204 204 204 204 204 204 204 204 204 204 204 204 204 203 203 203 203 203 203 203 203 203 203 203 202 202 202 202 201 201 200 200 199 199 198 197 196 196 195 194 194 193 192 192 192 191 190 190 190 190 189 189 189 189 189 189 189 189 188 187 187 189 190 191 192 192 193 194 194 195 196 196 197 198 197 198 198 198 197 201 201 201 201 201 202 202
202 203 203 203 203 204 204 204 204 204 204 204 204 204 204 204 204 203 203 203 203 203 203 202 203 203 203 203 203 203 203 203 203 202 202 202 201 201 200 200 199 199 198 198 197 196 196 195 194 193 193 192 192 191 190 189 189 190 189 189 189 189 189 189 189 189 189 188 188 190 191 192 192 193 194 195 196 196 197 198 198 199 198 198 199 199 195 197 202 202 202 203 203 203
202 202 203 203 203 203 204 204 204 204 203 203 203 203 203 203 203 203 203 203 203 203 203 202 203 203 203 203 203 203 203 203 203 202 202 202 201 201 201 200 200 199 199 198 197 197 196 195 194 193 193 192 192 191 191 190 189 190 190 189 189 189 189 189 189 189 189 189 188 190 192 193 193 194 195 196 196 198 198 199 199 200 200 199 199 199 195 197 200 201 203 204 204 203
202 202 203 203 203 203 203 203 203 203 203 203 203 203 203 203 203 202 202 203 203 203 203 202 202 203 203 203 202 203 203 203 202 202 202 202 201 201 201 201 200 200 199 199 198 197 196 195 194 194 193 192 192 191 191 190 189 189 189 189 189 189 189 189 189 189 190 189 189 191 192 193 194 195 196 196 196 199 199 200 200 201 200 200 200 200 198 198 202 203 203 204 204 204
202 202 202 203 203 203 203 203 203 203 203 203 203 202 202 202 202 202 202 203 203 203 202 202 202 202 203 203 202 203 203 202 202 202 202 202 201 201 201 201 201 200 200 199 198 197 197 196 195 194 193 193 192 191 191 190 189 188 189 189 189 189 189 189 189 189 189 190 191 192 193 193 193 195 197 196 196 199 200 201 201 201 201 201 201 201 199 199 203 204 204 204 204 205
202 202 202 202 203 203 203 203 203 202 203 202 202 202 202 202 202 202 202 203 202 202 202 202 202 202 202 202 202 203 202 202 202 202 202 202 201 202 202 202 202 201 200 199 198 197 197 196 195 194 193 193 192 192 191 190 189 189 189 188 189 189 189 189 189 188 188 190 191 192 193 194 195 196 197 198 198 198 200 201 201 202 202 202 202 201 200 201 203 204 205 205 205 206
202 202 202 202 202 202 202 202 202 202 202 202 202 202 202 202 202 202 202 202 202 202 202 202 202 202 202 202 202 202 202 202 202 202 202 202 202 202 202 202 202 202 201 200 199 197 197 196 195 195 194 193 193 192 191 190 189 189 189 188 188 189 189 189 189 189 189 190 191 192 194 194 195 195 197 199 199 200 200 201 202 201 202 202 202 201 201 203 204 205 206 206 206 206
201 202 202 202 202 202 202 202 202 202 202 202 202 202 201 202 202 202 202 202 202 202 202 202 202 202 202 202 202 202 202 202 202 202 201 201 202 202 202 202 202 201 200 199 198 197 197 196 195 194 194 193 193 192 191 191 190 189 188 188 188 188 188 188 189 189 190 191 192 192 193 194 194 194 196 198 199 199 199 201 201 201 202 202 202 202 202 203 204 205 206 207 207 207
201 201 202 202 202 202 202 202 202 202 202 202 202 201 201 202 202 202 202 201 201 201 201 201 201 201 201 202 202 201 201 202 201 201 201 201 201 201 201 201 201 201 200 199 198 197 197 196 195 194 194 193 193 192 191 191 190 189 188 188 188 188 188 189 189 190 190 191 192 193 193 192 194 195 196 197 198 197 196 200 201 201 202 202 202 202 202 203 205 206 206 207 207 207
201 201 201 201 201 201 201 201 201 201 201 201 201 201 201 201 201 201 201 201 201 201 201 201 201 201 201 202 201 201 201 201 201 201 201 201 201 201 201 201 200 200 199 198 198 197 196 196 195 194 194 193 193 192 192 191 190 190 190 189 189 188 187 188 188 190 191 191 191 192 192 193 192 191 194 193 194 193 197 199 200 201 201 201 201 201 200 203 205 206 206 207 207 207
200 201 201 201 201 201 201 201 201 201 201 201 201 201 201 201 201 201 200 201 201 201 201 201 201 201 201 201 201 201 200 200 200 200 201 201 201 200 200 200 199 199 197 197 197 196 196 195 195 194 193 193 192 192 191 191 191 190 190 189 189 188 188 187 187 187 189 190 190 190 192 192 191 189 191 189 191 195 196 198 199 199 200 201 201 200 200 203 204 205 206 206 207 207
200 201 201 201 201 201 201 201 201 201 201 201 201 201 201 200 200 200 200 201 201 200 201 201 201 201 201 201 201 200 199 199 199 200 200 200 199 199 199 199 199 198 196 196 196 196 196 195 194 194 193 193 192 191 191 191 190 190 189 189 188 188 187 187 187 188 188 189 189 188 190 189 188 186 185 186 190 191 193 197 198 198 199 200 200 199 199 203 204 203 205 205 207 207
200 200 200 200 200 200 200 200 200 200 201 200 200 200 200 200 199 200 200 200 200 200 200 200 200 201 201 200 200 200 200 199 199 200 200 200 199 199 197 197 197 197 196 195 195 195 195 194 194 194 193 193 192 191 190 190 190 190 189 189 188 188 188 187 187 187 187 188 187 187 187 187 187 186 186 184 186 188 190 194 197 197 197 198 198 196 197 201 203 203 203 203 204 207
200 200 200 200 200 200 200 200 200 200 200 200 200 200 200 200 199 199 200 200 200 200 200 200 200 200 200 200 200 199 199 199 199 199 199 199 199 198 197 197 197 196 195 195 194 194 194 193 194 193 193 192 192 191 190 190 189 189 189 189 188 188 187 187 187 186 187 187 187 187 187 186 186 186 185 186 184 184 188 194 196 197 197 197 197 197 198 200 201 200 200 201 202 203
200 200 200 200 200 200 200 199 200 200 200 200 200 199 199 199 199 199 200 200 200 200 200 200 200 200 200 200 199 199 199 199 199 199 198 198 198 197 197 197 196 195 195 195 194 194 194 193 193 193 192 192 191 190 190 189 189 189 189 188 188 188 187 187 187 186 186 187 187 186 186 186 185 185 186 187 185 185 189 193 194 195 196 196 195 196 197 196 197 197 198 200 200 200
199 199 199 199 199 199 199 199 199 200 199 199 199 199 199 199 199 199 199 200 200 199 199 200 200 199 199 199 199 199 199 199 198 198 198 197 197 197 196 196 195 195 194 194 194 194 193 193 192 192 192 191 191 190 190 189 189 189 189 189 188 188 187 187 186 186 186 187 186 186 184 184 186 185 187 187 187 187 187 189 191 193 194 195 194 193 193 195 196 197 198 199 199 199
199 199 199 199 199 199 199 199 199 199 199 199 199 199 198 198 199 199 199 199 199 199 199 199 199 199 199 199 198 198 198 198 197 197 197 197 197 196 195 195 195 194 194 194 193 193 192 193 192 191 191 190 191 190 190 189 189 189 189 188 188 188 187 187 186 186 186 186 186 186 185 185 184 185 186 185 187 187 187 186 187 189 191 192 194 192 193 194 195 196 197 197 197 197
199 199 199 199 199 199 199 199 199 199 199 199 199 198 198 198 199 199 199 199 199 199 199 199 199 199 198 198 198 197 197 197 196 196 196 196 196 195 195 194 194 194 194 193 193 193 193 192 192 191 191 190 190 190 189 189 189 189 189 188 188 188 187 187 186 186 186 186 185 185 185 184 184 185 185 185 186 187 187 187 188 189 189 190 192 190 191 192 195 196 195 195 195 195
198 198 198 198 198 198 198 198 198 198 198 198 198 198 198 198 198 198 198 198 198 198 198 198 198 198 198 198 197 197 196 196 196 195 195 195 195 195 194 194 194 193 193 193 193 193 192 192 191 191 190 190 190 190 189 189 189 189 188 188 188 187 187 186 186 186 185 185 185 185 184 184 184 184 184 185 185 186 186 186 187 188 189 189 190 190 190 191 194 194 195 194 194 193
198 198 198 198 198 198 198 198 198 198 197 197 197 198 198 197 197 198 198 198 198 198 198 198 198 198 197 197 197 196 196 196 195 195 194 194 194 194 194 193 193 193 193 192 192 192 191 191 190 190 190 190 190 189 189 189 189 189 188 188 188 187 186 186 186 185 184 185 184 184 183 183 184 183 183 184 185 185 185 185 186 187 188 188 189 190 190 191 192 192 193 193 192 191
198 198 198 198 197 197 197 197 197 197 197 197 197 197 197 197 197 197 197 197 197 197 197 197 197 197 197 196 196 196 195 195 195 194 194 194 193 193 193 193 192 192 192 192 192 191 191 190 190 190 189 189 190 189 189 188 188 189 188 188 187 187 186 186 186 185 185 184 183 183 183 183 183 183 183 183 184 184 183 184 185 186 186 187 188 190 191 192 193 192 192 192 191 190
197 197 197 197 197 197 197 197 197 196 197 197 197 197 197 197 197 197 197 197 197 197 197 197 196 196 196 196 195 195 195 194 194 194 193 193 193 192 192 192 192 192 191 191 191 191 190 190 190 190 190 189 189 189 189 188 188 188 188 188 187 187 186 186 185 184 184 183 182 182 182 182 182 182 183 182 182 182 181 183 184 185 186 187 188 190 190 191 191 192 192 191 191 189
197 197 196 197 197 197 196 196 196 196 196 196 196 196 196 196 196 196 196 196 196 196 196 196 196 196 195 195 195 194 194 194 194 193 193 193 192 192 192 192 191 191 191 191 191 190 190 190 189 189 189 189 189 189 189 188 188 188 188 187 187 187 186 185 185 184 183 182 181 181 181 181 181 181 182 182 181 181 180 181 183 184 185 187 188 188 189 190 191 191 191 191 190 189
196 196 196 196 196 196 196 196 196 196 196 196 196 196 196 196 196 196 196 196 195 196 195 195 195 195 195 195 194 194 194 193 193 193 192 192 191 191 191 191 191 190 190 190 190 190 189 189 189 189 189 189 189 189 189 189 188 188 187 187 187 186 186 185 184 183 182 182 181 180 180 179 180 180 180 180 180 180 180 181 183 184 185 186 187 188 190 190 191 191 191 190 190 189
196 196 195 195 196 196 196 195 194 195 195 195 195 195 196 195 195 195 195 195 194 194 194 194 194 194 194 194 193 193 193 193 193 192 192 191 191 191 191 191 190 190 190 190 190 189 189 188 189 189 189 189 189 188 188 188 188 188 187 187 187 186 185 184 184 183 182 181 181 180 179 179 178 178 180 179 179 179 179 181 183 184 185 187 188 190 191 191 192 191 191 190 190 189
196 195 195 195 195 195 195 195 195 195 195 195 195 195 195 195 195 195 195 195 194 193 193 193 193 193 193 193 193 193 193 192 192 192 191 190 190 190 190 190 189 189 189 189 189 189 188 188 188 188 188 189 189 188 188 188 188 188 187 187 187 186 185 184 184 183 182 182 180 179 178 178 178 178 178 178 178 179 180 181 183 184 186 187 188 189 190 191 192 191 191 190 189 189
195 195 194 194 194 194 194 194 194 195 195 195 195 195 194 194 194 194 194 194 193 193 193 193 192 192 193 193 192 192 192 192 191 191 190 190 190 190 189 189 189 189 189 189 188 188 188 188 188 188 188 188 188 188 188 188 188 188 187 187 187 186 185 184 184 183 182 181 180 179 178 178 177 177 177 177 177 178 179 181 183 185 187 189 189 190 190 191 191 191 191 190 190 189
195 194 194 194 194 194 194 194 194 194 194 194 194 194 194 194 194 194 194 193 193 193 192 191 192 192 192 192 192 192 191 191 191 191 190 189 189 189 189 189 188 188 188 188 188 188 188 188 188 188 188 188 188 188 188 188 188 188 188 187 186 185 185 184 184 183 182 181 180 179 178 178 177 176 177 176 177 178 179 181 183 186 188 190 191 190 191 192 191 191 191 190 189 189
194 194 194 194 193 193 193 194 193 194 194 193 193 194 193 193 193 193 193 193 193 192 191 191 191 191 191 191 191 191 191 191 190 190 189 189 188 188 188 188 188 188 188 188 187 188 188 188 188 188 188 188 188 188 188 188 188 188 188 187 186 185 185 184 184 183 182 181 180 179 178 178 177 176 176 176 176 177 179 181 184 187 190 192 192 192 193 192 192 192 192 191 190 190
194 193 193 193 193 193 193 193 193 193 193 193 193 193 193 193 193 193 193 192 192 191 191 191 190 190 191 191 191 191 190 190 190 189 189 188 188 188 188 188 188 188 188 188 187 187 188 187 188 188 188 188 188 188 188 188 188 188 188 187 186 185 185 184 184 183 182 181 180 179 179 178 177 176 176 175 175 177 179 182 185 188 191 193 195 195 194 194 193 193 192 191 191 190
194 193 193 193 193 193 193 193 193 192 192 192 192 192 192 192 192 192 192 192 191 191 191 191 190 190 190 190 190 190 190 189 189 188 188 188 187 187 187 187 187 187 187 187 187 187 187 187 188 187 188 187 187 188 187 188 188 188 187 187 186 186 185 184 183 182 181 181 181 180 179 178 177 177 177 176 177 178 180 183 185 188 191 194 196 196 195 195 194 193 193 192 191 190
194 193 193 193 193 193 193 192 192 192 192 192 191 191 192 192 192 192 191 191 191 191 190 190 189 189 189 189 189 189 189 189 188 188 187 187 187 187 187 187 187 187 187 187 187 187 187 187 187 188 188 187 188 188 188 188 188 188 187 187 186 186 185 184 184 183 182 182 181 181 180 179 178 178 178 178 179 179 181 183 186 188 191 193 195 196 195 195 194 193 193 192 192 191
193 193 193 193 193 192 192 192 192 192 191 191 191 191 191 191 191 191 190 191 190 190 190 189 189 189 189 189 189 189 188 188 188 187 187 187 186 187 187 187 187 187 186 187 187 187 187 187 187 187 187 187 187 188 188 188 188 187 187 187 186 186 185 185 184 183 183 182 182 181 181 180 179 179 179 179 180 181 183 185 187 188 191 193 194 195 195 195 194 194 193 192 192 191
193 193 193 192 192 192 192 191 191 191 191 191 190 190 191 191 191 190 189 190 190 189 189 189 189 189 189 188 188 188 188 188 187 187 187 187 187 187 187 187 187 187 186 186 187 187 187 187 187 187 187 187 187 187 187 187 187 187 187 187 186 186 185 185 184 183 183 183 182 182 182 181 180 180 180 181 182 182 184 185 188 189 191 192 194 194 195 195 194 194 193 193 192 192
