MUSICEvapDataQueryTool/BOMEvapData/etapfeb.txt
ncols         417
nrows         337
xllcorner     112.15
yllcorner     -43.8
cellsize      0.1
NODATA_value  -9999
[rows 84 to 125 of 337, columns 94 to 187 of 417]
182 181 181 180 180 180 179 179 179 179 179 178 178 178 178 178 178 178 179 179 179 179 179 178 178 178 177 177 176 176 175 175 174 171 170 169 168 168 168 167 167 166 165 164 163 162 161 161 160 159 159 158 158 157 157 156 155 155 154 154 154 154 154 154 155 155 155 156 156 156 156 156 156 156 156 156 156 157 156 156 155 156 155 155 155 154 153 153 153 153 153 153 153 153
182 180 180 180 180 179 179 179 179 178 178 178 178 178 178 178 178 178 178 178 178 178 178 178 177 177 176 176 176 175 174 174 173 172 170 169 168 168 168 167 166 166 165 164 163 161 161 160 160 159 159 159 158 157 157 156 155 155 155 154 154 154 154 155 155 155 156 156 156 156 156 156 156 156 156 156 157 157 156 156 156 156 155 155 155 154 154 154 153 153 153 153 154 154
180 180 180 179 179 179 179 179 178 178 178 178 178 178 178 178 177 178 177 178 177 177 177 177 176 176 176 175 175 174 174 173 173 172 171 170 168 167 168 167 166 165 164 164 163 162 162 161 160 160 159 159 157 157 157 156 155 155 155 155 155 155 155 155 156 156 156 156 157 156 156 156 156 156 157 157 157 157 157 157 157 156 156 155 155 155 154 154 154 154 154 154 154 154
180 180 179 179 179 179 178 178 178 178 178 178 177 177 177 177 177 177 177 177 177 177 177 176 176 176 175 174 174 174 173 172 172 172 171 170 169 168 168 167 166 166 165 164 163 163 162 161 160 159 159 159 158 157 157 156 156 155 155 155 155 156 156 156 156 156 157 156 157 157 157 157 157 157 157 157 157 157 157 157 157 157 156 155 155 155 155 155 155 155 155 155 155 155
180 179 179 179 179 178 178 178 178 178 177 177 177 177 177 177 177 177 176 176 176 176 176 176 176 175 175 174 173 173 172 172 172 171 170 169 168 168 167 167 166 166 165 164 164 163 162 161 160 159 159 159 158 158 157 157 156 156 156 156 156 156 156 156 157 157 157 157 157 157 157 157 157 157 157 157 157 157 157 157 157 157 157 156 156 156 156 156 155 155 156 155 155 155
179 179 179 179 178 178 178 178 178 177 177 177 177 177 177 177 177 176 176 176 176 176 176 175 175 175 175 174 173 172 172 171 171 170 169 169 168 167 167 166 165 165 165 164 164 163 162 161 161 160 159 158 158 158 157 156 156 157 156 156 157 157 157 157 157 157 157 157 157 157 157 157 157 157 158 158 158 158 158 158 158 157 157 157 157 157 157 157 156 156 156 156 156 156
179 179 178 178 178 178 178 178 178 177 177 177 177 177 177 177 176 176 176 176 175 176 176 175 175 174 174 174 173 172 172 171 170 170 169 169 168 167 166 166 166 165 164 164 163 163 162 161 161 160 160 159 158 157 157 157 157 157 157 157 157 157 157 157 158 157 157 157 158 158 158 158 158 157 158 158 158 158 158 158 158 158 158 158 158 158 158 158 158 157 157 157 157 157
178 178 178 178 178 178 178 177 177 177 177 177 177 177 176 176 176 176 175 175 175 175 175 175 175 174 174 173 173 172 172 171 170 170 169 168 168 167 166 166 165 165 164 164 163 162 162 161 161 161 160 159 159 158 158 157 157 157 157 158 158 158 158 157 158 158 158 158 158 158 158 158 158 157 158 158 159 159 159 159 159 159 158 159 159 159 159 159 158 158 158 158 158 158
178 178 178 177 177 177 177 177 177 177 177 176 176 176 176 176 175 175 175 175 175 175 175 174 174 174 173 173 173 172 171 171 170 169 169 168 168 167 167 166 165 165 164 164 163 163 162 162 161 160 160 160 159 159 158 157 158 158 158 158 158 158 158 158 158 158 158 159 159 159 159 159 159 158 159 159 159 160 160 160 160 160 160 160 160 160 160 160 159 159 159 159 158 158
177 177 177 177 177 177 177 176 176 176 176 176 176 175 175 175 175 175 175 174 174 174 174 173 173 173 173 172 172 172 171 171 170 169 169 168 168 167 166 166 165 165 164 164 163 163 162 162 161 161 160 160 159 159 159 158 158 158 158 158 158 158 158 159 158 159 159 159 159 159 159 159 160 159 159 160 160 160 161 161 161 161 161 161 161 161 161 160 160 160 160 159 159 159
177 177 177 176 176 176 176 176 176 176 175 175 175 175 174 175 175 175 175 174 174 174 173 172 172 172 172 172 171 171 171 170 170 169 169 168 168 167 167 166 166 165 165 164 163 163 163 162 162 161 161 160 160 159 159 159 159 159 159 159 159 159 159 159 159 159 158 159 159 159 160 160 160 160 160 161 160 161 161 161 162 162 162 161 162 162 162 161 161 161 160 160 159 159
177 177 176 176 176 176 175 176 175 175 175 175 174 174 174 174 174 174 174 174 173 173 173 172 172 171 171 171 171 170 170 170 170 169 169 168 168 167 167 166 166 165 165 164 164 163 163 162 162 161 161 161 160 160 159 159 160 159 159 159 159 159 159 159 159 159 159 159 159 159 160 160 160 160 161 161 162 162 162 162 162 162 162 162 162 163 163 162 162 161 161 160 159 159
176 176 176 176 176 175 175 175 175 175 175 175 174 174 174 174 174 173 173 173 172 172 172 172 171 171 170 170 170 170 170 170 169 169 168 168 167 167 166 166 166 165 165 164 164 163 163 162 162 161 161 161 160 160 160 160 160 160 160 159 159 159 159 159 159 159 159 159 159 159 160 160 160 160 161 161 162 162 162 163 163 163 163 163 164 164 164 163 163 162 161 160 160 160
176 176 175 175 175 175 175 175 175 174 174 174 174 174 174 173 173 173 172 172 172 172 171 171 171 170 170 169 169 169 169 169 169 169 168 167 167 167 166 165 165 165 164 164 164 163 163 162 162 162 161 161 161 160 160 160 160 160 160 160 160 159 159 159 159 159 159 159 159 159 160 160 160 161 161 161 162 162 163 163 163 164 164 165 165 165 165 164 163 163 162 161 160 160
175 175 175 175 174 174 174 174 174 174 174 173 173 173 173 172 172 172 171 171 171 171 171 170 170 170 170 169 169 168 168 168 168 168 168 167 167 167 166 165 164 164 164 164 164 163 163 162 162 161 161 161 161 160 160 160 160 160 160 160 160 160 160 159 159 159 160 160 159 160 160 160 161 161 161 162 162 162 163 164 164 165 165 166 166 166 165 165 163 163 162 161 160 160
174 174 174 174 174 173 173 173 173 173 173 172 172 172 172 172 171 171 171 170 170 170 170 170 169 169 169 168 168 168 168 168 167 167 167 167 167 166 166 165 164 164 164 164 163 163 163 162 162 161 161 161 161 160 160 160 160 160 160 160 160 160 160 160 159 159 160 160 160 160 160 160 161 161 161 162 162 163 164 164 165 165 166 166 167 167 166 165 164 163 162 161 160 160
174 173 173 173 173 173 172 172 172 172 172 172 172 171 171 171 171 171 170 170 170 169 169 169 169 169 168 168 168 167 167 167 167 167 166 166 166 166 165 165 165 164 164 163 163 163 163 162 162 161 161 161 161 161 161 161 161 161 161 160 160 160 160 159 159 159 160 160 161 161 161 161 161 161 162 162 163 163 163 164 165 166 166 167 168 167 166 165 164 163 162 161 161 160
173 173 173 172 172 172 172 172 172 171 171 171 171 171 171 170 170 170 170 170 170 169 169 169 169 168 168 168 167 167 167 167 166 166 166 166 166 165 165 165 165 164 164 163 163 163 163 162 162 161 161 161 161 161 161 161 161 161 161 160 160 160 160 159 159 160 160 161 161 161 161 161 161 162 162 162 163 163 164 164 165 166 166 167 167 167 166 165 164 163 162 162 161 160
173 172 172 172 172 171 171 171 171 171 171 170 170 170 170 170 170 169 169 169 169 169 169 168 168 168 168 167 167 167 167 166 166 166 165 165 165 165 164 165 165 164 164 163 163 162 162 162 162 161 161 161 161 161 161 161 161 160 160 160 160 160 160 160 160 160 160 161 161 161 161 161 162 162 162 163 163 164 164 165 165 166 166 166 167 166 165 165 164 163 162 162 161 160
172 172 172 172 171 171 171 170 170 170 170 170 170 169 169 169 169 169 169 169 168 168 168 168 168 168 167 167 166 166 166 166 166 165 165 165 164 164 164 164 164 164 163 163 163 162 162 162 162 161 161 160 160 161 161 161 161 160 160 160 160 160 160 160 160 160 160 161 161 161 161 161 162 162 162 163 163 164 164 164 165 165 166 165 166 165 165 164 163 163 162 161 160 160
171 171 171 171 171 170 170 170 170 170 170 169 169 169 169 169 168 168 168 168 168 168 168 168 168 167 167 166 166 166 165 165 165 165 165 165 164 164 164 164 163 163 163 163 163 162 162 162 162 161 161 160 160 160 160 161 161 160 160 160 161 161 160 161 161 160 161 161 161 161 161 161 162 162 162 163 163 164 164 164 165 165 165 165 165 164 164 164 163 162 161 161 160 159
171 171 170 170 170 169 170 169 169 169 169 169 169 169 168 168 168 168 168 168 168 167 167 167 167 167 166 166 166 166 165 165 165 165 165 165 164 164 163 163 163 163 163 163 162 162 162 162 161 161 161 161 160 160 160 160 160 160 160 160 161 161 161 161 160 161 161 161 161 161 161 162 162 162 162 163 163 164 164 164 164 165 165 164 164 164 163 163 163 162 161 161 160 159
170 170 170 169 169 169 169 169 169 168 168 169 168 168 168 168 167 167 168 167 167 167 167 167 166 166 166 166 166 166 165 165 165 164 164 164 164 164 163 163 163 163 162 162 162 162 162 162 162 161 161 161 161 160 160 160 160 160 160 160 160 160 160 160 160 160 160 160 161 161 161 162 162 162 162 162 163 163 164 164 164 164 164 164 164 164 163 163 162 162 161 161 160 159
170 169 169 169 169 168 168 168 168 168 167 168 168 167 167 167 167 167 167 167 167 167 167 166 166 166 166 166 166 166 165 165 165 165 164 164 164 164 163 163 163 163 162 162 162 162 162 162 162 161 161 161 161 160 160 160 160 160 160 160 160 160 160 160 160 160 160 160 160 161 161 162 162 162 162 162 163 163 163 163 163 164 164 164 163 163 163 162 162 161 161 160 159 159
169 169 169 168 168 168 167 167 167 167 167 167 167 166 167 167 167 167 166 166 166 166 166 166 165 165 166 166 166 165 165 164 164 164 164 164 163 164 163 163 163 162 162 162 162 162 162 162 162 161 161 160 160 160 160 160 160 160 160 160 160 160 160 160 160 160 160 160 160 161 161 162 162 162 162 162 163 163 163 163 163 163 163 163 163 163 162 162 161 160 160 160 159 158
169 169 168 168 168 167 167 167 167 166 166 166 166 166 166 166 166 166 166 166 166 166 166 165 165 165 165 165 165 165 164 164 164 164 164 163 163 163 163 163 163 162 162 162 162 161 161 161 161 161 160 160 160 160 160 160 160 160 160 160 160 160 160 159 160 160 160 160 161 161 161 162 162 162 162 162 162 162 162 162 162 162 162 162 162 162 161 161 160 160 159 159 158 157
169 168 168 168 167 167 167 166 166 166 166 166 166 166 166 166 166 165 165 165 165 165 165 165 165 165 165 165 165 165 165 164 164 164 164 163 163 163 163 162 162 162 162 162 162 161 161 161 161 161 160 160 160 160 160 160 160 160 160 160 160 160 160 159 159 160 160 160 161 161 161 161 161 162 162 162 161 161 162 162 161 161 161 161 161 161 160 160 160 159 159 158 158 157
168 168 168 167 167 166 166 165 165 165 165 165 165 166 165 165 165 165 165 165 165 165 165 165 165 165 165 165 164 164 165 164 164 164 164 164 163 163 163 163 162 162 162 162 162 161 161 161 161 161 160 160 159 160 160 160 160 160 160 160 160 160 160 159 159 159 160 161 161 161 161 161 161 161 161 161 161 161 161 161 161 160 160 160 160 160 159 159 159 158 158 157 157 156
168 167 167 166 166 166 165 165 165 165 165 165 165 165 165 165 165 165 165 165 165 165 165 165 165 164 165 165 164 164 164 164 164 164 164 163 163 163 163 162 162 162 162 162 161 161 161 161 161 160 160 159 159 159 159 160 160 160 160 160 160 160 160 159 159 160 160 160 161 161 161 161 161 161 161 161 160 160 160 160 160 160 160 160 159 159 159 158 158 158 157 157 156 155
167 167 166 166 165 165 165 165 165 165 164 164 164 165 165 164 164 165 164 164 164 165 165 165 165 164 164 164 164 164 164 163 163 163 163 163 163 163 163 162 162 162 162 161 161 161 161 161 161 160 160 159 159 159 159 160 160 160 160 160 160 160 160 159 159 159 160 160 160 160 161 161 160 161 160 160 160 160 160 160 160 160 160 159 159 159 158 158 157 157 156 156 155 155
167 166 166 165 165 164 164 164 164 164 164 164 164 164 164 164 164 164 164 164 164 165 164 164 164 164 164 164 163 163 163 163 163 162 163 162 162 162 162 162 162 162 162 161 161 161 161 161 161 160 160 159 159 159 159 159 159 160 159 160 160 160 159 159 159 160 160 160 160 160 160 160 160 160 160 160 159 159 159 160 160 160 159 159 158 158 158 157 157 156 156 155 155 154
166 166 165 165 164 163 163 163 164 164 164 164 164 164 164 164 164 164 164 164 164 164 164 164 164 163 163 163 163 163 163 163 162 162 162 162 162 162 162 162 162 162 162 161 161 161 161 161 160 160 159 159 159 159 159 159 159 160 159 160 160 159 159 159 159 159 159 160 160 160 160 160 160 160 160 159 159 159 159 159 159 159 159 158 158 158 157 157 156 155 155 155 154 153
166 165 165 165 164 163 163 163 164 164 164 164 164 164 164 164 164 164 164 164 164 164 164 163 163 163 163 163 163 163 162 162 162 162 162 162 162 162 161 161 161 161 161 161 161 161 161 161 160 160 160 160 160 159 159 159 159 159 159 159 159 159 159 159 159 159 159 159 160 160 159 159 159 160 159 159 159 159 159 159 159 158 158 158 157 157 156 156 155 155 154 154 153 153
165 165 165 164 164 163 163 163 163 164 164 164 164 164 164 164 163 164 164 163 163 164 163 163 163 163 163 163 163 163 162 162 162 162 162 162 162 161 161 161 161 161 161 161 161 161 161 161 160 160 160 160 160 159 159 159 159 159 159 159 159 159 158 159 159 159 159 159 159 159 159 159 159 159 159 159 159 159 159 159 158 158 157 157 156 156 155 155 155 154 154 152 153 152
165 165 164 164 163 163 163 163 163 163 163 164 164 164 164 164 163 163 163 163 163 163 163 163 163 163 163 162 162 162 162 162 162 162 162 162 162 162 161 161 161 161 161 160 160 161 161 160 160 160 160 160 160 159 159 159 159 159 159 159 159 158 158 159 159 159 159 159 159 159 159 159 159 159 159 159 159 159 158 158 158 157 157 156 156 155 155 155 154 154 153 152 152 152
165 164 164 163 163 163 163 163 163 163 163 163 163 164 164 163 163 163 163 163 163 163 163 163 163 162 162 162 162 162 162 162 162 162 162 162 162 161 161 161 161 161 160 160 160 160 160 160 160 160 160 159 159 159 159 159 159 158 159 159 159 158 158 159 159 159 159 159 159 159 158 159 159 159 159 159 158 158 158 158 158 157 157 156 156 155 155 154 154 153 152 152 151 151
164 164 163 162 163 163 163 163 163 163 163 163 163 163 163 163 163 163 162 163 163 163 163 163 162 162 162 162 162 162 162 162 162 162 162 161 161 161 161 161 161 161 160 160 160 160 159 159 159 159 159 159 159 159 159 158 158 158 158 159 159 159 158 158 158 158 158 159 158 158 158 158 158 158 158 158 158 158 157 157 157 157 156 156 156 155 155 154 153 153 152 151 151 150
164 164 163 162 162 163 162 162 162 163 163 163 163 163 163 163 163 163 162 162 162 163 163 163 162 162 162 162 162 162 162 162 161 161 161 161 161 161 160 160 160 160 160 160 160 159 159 159 159 159 159 159 158 158 158 158 158 158 158 158 158 159 158 158 158 158 158 158 158 158 158 158 158 158 158 158 158 158 157 157 157 156 156 156 155 155 154 153 153 152 152 151 151 150
163 163 163 162 162 162 162 162 162 163 163 163 163 163 163 163 163 162 162 162 162 163 163 163 162 162 162 162 162 162 161 161 161 161 161 161 161 161 161 160 160 160 160 160 159 159 159 159 159 159 158 158 158 158 158 158 158 158 158 158 158 158 158 158 158 158 158 158 158 158 158 158 158 158 158 158 158 157 157 157 157 156 156 155 155 154 154 153 152 152 152 151 151 150
163 163 163 162 162 162 162 162 162 162 162 162 163 163 163 163 163 162 162 162 163 163 163 162 162 162 162 162 162 162 161 161 161 161 161 161 161 160 160 160 160 160 159 159 159 159 159 159 159 159 158 159 158 158 158 158 158 158 158 158 158 158 158 158 158 158 158 158 158 158 158 158 158 158 157 157 157 157 157 156 156 156 156 155 154 154 154 153 153 152 152 151 151 150
163 163 163 162 162 162 162 162 162 162 162 162 162 162 162 163 163 163 162 162 162 162 162 162 162 162 162 161 161 161 161 161 161 161 160 160 160 160 160 160 160 160 160 159 159 159 159 159 159 158 158 158 158 158 158 158 158 157 157 157 157 157 157 157 157 157 157 158 158 157 157 157 157 157 157 157 157 157 156 156 156 156 155 155 154 154 154 153 153 152 152 151 151 150
163 163 162 162 162 162 162 162 162 162 162 162 162 162 162 162 162 162 162 162 162 162 161 162 162 162 161 161 161 161 161 161 161 161 161 160 160 160 160 160 160 160 159 159 159 159 159 159 159 158 158 159 158 158 158 158 157 157 157 157 157 157 157 157 157 157 157 157 157 157 157 157 157 157 157 157 156 156 156 156 156 155 155 155 154 154 154 153 152 151 152 151 151 150
