MUSICEvapDataQueryTool/BOMEvapData/etapaug.txt
ncols         417
nrows         337
xllcorner     112.15
yllcorner     -43.8
cellsize      0.1
NODATA_value  -9999
[rows 165 to 219 of 337, columns 0 to 95 of 417]
79 78 78 78 78 78 78 78 77 77 77 77 77 76 76 76 76 75 75 75 75 74 74 74 73 73 73 72 72 71 71 71 70 70 69 69 69 68 68 68 67 67 66 66 66 66 65 65 65 65 65 64 64 64 64 64 64 64 64 64 64 65 65 65 65 65 65 65 66 66 66 66 66 67 67 67 67 67 67 67 67 67 67 67 67 67 67 66 66 66 66 66 66 66 65 65
78 78 78 78 78 78 78 77 77 77 77 77 76 76 76 76 75 75 75 75 74 74 74 73 73 73 72 72 72 71 71 70 70 70 69 69 68 68 68 67 67 67 66 66 66 65 65 65 65 64 64 64 64 64 64 64 64 64 64 64 64 64 64 64 65 65 65 65 65 65 66 66 66 66 66 67 67 67 67 67 67 67 67 67 67 67 66 66 66 66 66 66 66 65 65 65
78 78 78 78 78 78 77 77 77 77 77 77 76 76 76 76 75 75 75 74 74 74 74 73 73 72 72 72 71 71 71 70 70 69 69 68 68 68 67 67 67 66 66 65 65 65 65 64 64 64 64 64 64 63 63 63 63 63 63 64 64 64 64 64 64 64 65 65 65 65 65 66 66 66 66 66 67 67 67 67 67 67 67 67 67 66 66 66 66 66 66 65 65 65 65 65
78 78 78 78 77 77 77 77 77 77 77 76 76 76 76 75 75 75 75 74 74 74 73 73 73 72 72 72 71 71 70 70 70 69 69 68 68 67 67 67 66 66 65 65 65 64 64 64 64 63 63 63 63 63 63 63 63 63 63 63 63 63 63 64 64 64 64 64 65 65 65 65 65 66 66 66 67 67 67 67 67 67 67 67 66 66 66 66 66 66 65 65 65 65 65 65
78 78 78 77 77 77 77 77 77 76 76 76 76 76 76 75 75 75 74 74 74 74 73 73 73 72 72 71 71 71 70 70 69 69 68 68 67 67 67 66 66 65 65 65 64 64 64 63 63 63 63 63 63 63 63 62 62 63 63 63 63 63 63 63 63 64 64 64 64 64 65 65 65 65 66 66 66 67 67 67 67 67 66 66 66 66 66 66 65 65 65 65 65 65 65 65
78 77 77 77 77 77 77 77 76 76 76 76 76 76 75 75 75 75 74 74 74 73 73 73 72 72 72 71 71 70 70 70 69 69 68 68 67 67 66 66 65 65 65 64 64 64 63 63 63 63 62 62 62 62 62 62 62 62 62 62 62 62 63 63 63 63 63 64 64 64 64 65 65 65 65 66 66 66 67 67 67 66 66 66 66 66 65 65 65 65 65 65 65 64 64 64
77 77 77 77 77 77 77 76 76 76 76 76 76 75 75 75 75 74 74 74 73 73 73 73 72 72 71 71 71 70 70 69 69 68 68 67 67 66 66 66 65 65 64 64 63 63 63 63 62 62 62 62 62 62 62 62 62 62 62 62 62 62 62 62 62 63 63 63 63 64 64 64 64 65 65 65 66 66 66 67 66 66 66 66 65 65 65 65 65 65 65 64 64 64 64 64
77 77 77 77 77 77 76 76 76 76 76 76 75 75 75 75 75 74 74 74 73 73 73 72 72 72 71 71 71 70 70 69 69 68 68 67 67 66 66 65 65 64 64 63 63 63 62 62 62 62 61 61 61 61 61 61 61 61 61 61 61 61 62 62 62 62 62 63 63 63 63 64 64 64 65 65 65 65 66 66 66 66 65 65 65 65 65 65 64 64 64 64 64 64 64 64
77 77 77 77 77 76 76 76 76 76 76 75 75 75 75 75 74 74 74 74 73 73 73 72 72 72 71 71 70 70 69 69 68 68 67 67 66 66 65 65 64 64 63 63 63 62 62 62 61 61 61 61 61 61 61 61 61 61 61 61 61 61 61 61 61 62 62 62 62 63 63 63 63 64 64 64 65 65 65 65 65 65 65 65 65 64 64 64 64 64 64 64 64 64 64 64
77 77 77 76 76 76 76 76 76 76 75 75 75 75 75 74 74 74 74 74 73 73 73 72 72 71 71 71 70 70 69 69 68 68 67 67 66 65 65 64 64 63 63 62 62 62 61 61 61 61 60 60 60 60 60 60 60 60 60 60 60 61 61 61 61 61 61 62 62 62 62 63 63 63 64 64 64 64 64 65 65 64 64 64 64 64 64 64 64 64 63 63 63 63 63 63
77 77 76 76 76 76 76 76 76 75 75 75 75 75 75 74 74 74 74 73 73 73 72 72 72 71 71 71 70 70 69 69 68 67 67 66 66 65 65 64 63 63 62 62 62 61 61 61 60 60 60 60 60 60 60 60 60 60 60 60 60 60 60 60 61 61 61 61 61 62 62 62 62 63 63 63 64 64 64 64 64 64 64 64 64 63 63 63 63 63 63 63 63 63 63 63
76 76 76 76 76 76 76 76 75 75 75 75 75 75 74 74 74 74 74 73 73 73 72 72 72 71 71 70 70 69 69 68 68 67 67 66 65 65 64 64 63 62 62 61 61 61 60 60 60 60 59 59 59 59 59 59 59 59 59 59 59 60 60 60 60 60 60 61 61 61 61 62 62 62 62 63 63 63 63 63 63 63 63 63 63 63 63 63 63 63 63 63 63 63 63 63
76 76 76 76 76 76 75 75 75 75 75 75 75 74 74 74 74 74 73 73 73 72 72 72 72 71 71 70 70 69 69 68 68 67 66 66 65 65 64 63 63 62 62 61 61 60 60 59 59 59 59 59 59 59 59 58 59 59 59 59 59 59 59 59 60 60 60 60 60 61 61 61 61 62 62 62 62 62 62 63 63 62 62 62 62 62 62 62 62 62 62 62 62 62 62 62
76 76 76 76 76 75 75 75 75 75 75 75 74 74 74 74 74 73 73 73 73 72 72 72 71 71 71 70 70 69 69 68 67 67 66 66 65 64 64 63 62 62 61 60 60 60 59 59 59 58 58 58 58 58 58 58 58 58 58 58 58 58 59 59 59 59 59 60 60 60 60 61 61 61 61 61 62 62 62 62 62 62 62 62 62 62 62 62 62 62 62 62 62 62 62 62
76 76 76 75 75 75 75 75 75 75 75 74 74 74 74 74 73 73 73 73 73 72 72 72 71 71 71 70 70 69 69 68 67 67 66 65 65 64 63 62 62 61 61 60 59 59 59 58 58 58 58 58 58 58 57 57 57 58 58 58 58 58 58 58 59 59 59 59 59 60 60 60 60 60 61 61 61 61 61 61 61 61 61 61 61 61 61 61 61 61 61 61 61 61 61 62
76 76 75 75 75 75 75 75 75 75 74 74 74 74 74 74 73 73 73 73 72 72 72 72 71 71 71 70 70 69 68 68 67 67 66 65 64 64 63 62 61 61 60 60 59 58 58 58 58 57 57 57 57 57 57 57 57 57 57 57 57 57 58 58 58 58 58 59 59 59 59 59 60 60 60 60 60 60 60 60 60 60 60 60 60 60 60 60 60 60 61 61 61 61 61 61
75 75 75 75 75 75 75 75 74 74 74 74 74 74 74 73 73 73 73 73 72 72 72 72 71 71 71 70 69 69 68 68 67 66 66 65 64 63 62 62 61 60 60 59 58 58 58 57 57 57 57 57 57 56 56 56 56 57 57 57 57 57 57 57 58 58 58 58 58 58 59 59 59 59 59 59 60 60 60 60 60 60 60 60 60 60 60 60 60 60 60 60 60 60 60 61
75 75 75 75 75 75 75 74 74 74 74 74 74 74 73 73 73 73 73 72 72 72 72 71 71 71 71 70 69 69 68 67 67 66 65 64 64 63 62 61 61 60 59 59 58 57 57 57 57 56 56 56 56 56 56 56 56 56 56 56 56 56 57 57 57 57 57 58 58 58 58 58 58 59 59 59 59 59 59 59 59 59 59 59 59 59 59 59 59 59 59 59 60 60 60 60
75 75 75 75 75 75 74 74 74 74 74 74 74 73 73 73 73 73 72 72 72 72 72 71 71 71 70 70 69 69 68 67 67 66 65 64 63 62 62 61 60 59 59 58 58 57 57 56 56 56 56 56 56 55 55 55 55 55 56 56 56 56 56 56 57 57 57 57 57 57 58 58 58 58 58 58 58 58 58 58 58 58 58 58 58 58 58 58 59 59 59 59 59 59 59 60
75 75 75 75 74 74 74 74 74 74 74 73 73 73 73 73 73 72 72 72 72 72 71 71 71 71 70 69 69 68 68 67 66 66 65 64 63 62 61 60 60 59 58 58 57 57 56 56 56 56 55 55 55 55 55 55 55 55 55 55 55 56 56 56 56 56 56 57 57 57 57 57 57 57 58 58 58 58 58 58 58 58 58 58 58 58 58 58 58 58 58 58 58 59 59 59
75 75 74 74 74 74 74 74 74 74 73 73 73 73 73 73 72 72 72 72 72 71 71 71 70 70 70 69 68 68 67 66 66 65 64 63 62 62 61 60 59 59 58 57 57 57 56 56 55 55 55 55 55 55 54 54 54 55 55 55 55 55 55 56 56 56 56 56 56 57 57 57 57 57 57 57 57 57 57 57 57 57 57 57 57 57 57 57 57 57 57 58 58 58 58 59
74 74 74 74 74 74 74 74 74 73 73 73 73 73 73 72 72 72 72 72 71 71 71 70 70 70 69 69 68 67 67 66 65 65 64 63 62 61 60 60 59 58 58 57 57 56 56 55 55 55 55 54 54 54 54 54 54 54 54 54 55 55 55 55 55 55 56 56 56 56 56 56 56 56 57 57 57 57 57 56 56 56 56 56 56 56 56 56 56 57 57 57 57 57 58 58
74 74 74 74 74 74 74 74 73 73 73 73 73 73 72 72 72 72 72 71 71 71 71 70 70 69 69 68 68 67 66 66 65 64 63 62 61 61 60 59 58 58 57 57 56 56 56 55 55 55 54 54 54 54 54 53 54 54 54 54 54 54 55 55 55 55 55 55 56 56 56 56 56 56 56 56 56 56 56 56 56 56 56 56 56 56 56 56 56 56 56 56 56 57 57 57
74 74 74 74 74 74 73 73 73 73 73 73 73 72 72 72 72 72 71 71 71 71 70 70 69 69 69 68 67 67 66 65 64 64 63 62 61 60 59 59 58 58 57 57 56 56 55 55 55 54 54 54 53 53 53 53 53 53 53 54 54 54 54 54 55 55 55 55 55 55 55 55 56 56 56 56 55 55 55 55 55 55 55 55 55 55 55 55 55 55 55 55 56 56 56 57
74 74 74 74 74 73 73 73 73 73 73 73 72 72 72 72 72 71 71 71 71 70 70 70 69 69 68 68 67 66 65 65 64 63 62 61 61 60 59 58 58 57 57 56 56 55 55 55 54 54 54 53 53 53 53 53 53 53 53 53 54 54 54 54 54 55 55 55 55 55 55 55 55 55 55 55 55 55 55 55 55 54 54 54 54 54 54 54 54 54 54 55 55 55 56 56
74 74 74 73 73 73 73 73 73 73 73 72 72 72 72 72 71 71 71 71 70 70 70 69 69 68 68 67 67 66 65 64 64 63 62 61 60 59 58 58 57 57 57 56 56 55 55 55 54 54 54 53 53 53 52 52 52 53 53 53 53 54 54 54 54 54 54 55 55 55 55 55 55 55 55 55 55 54 54 54 54 54 54 54 53 53 53 53 53 53 54 54 54 54 55 55
74 73 73 73 73 73 73 73 73 73 72 72 72 72 72 72 71 71 71 71 70 70 70 69 69 68 68 67 66 66 65 64 63 62 62 61 60 59 58 58 57 57 56 56 56 55 55 54 54 54 53 53 53 53 52 52 52 53 53 53 53 53 54 54 54 54 54 54 54 54 55 55 54 54 54 54 54 54 54 54 54 53 53 53 53 53 53 53 53 53 53 53 53 54 54 55
73 73 73 73 73 73 73 73 73 72 72 72 72 72 72 71 71 71 71 70 70 70 69 69 68 68 67 67 66 65 65 64 63 62 61 61 60 59 58 58 57 57 56 56 55 55 55 54 54 54 53 53 53 53 52 52 52 53 53 53 53 53 54 54 54 54 54 54 54 54 54 54 54 54 54 54 54 54 53 53 53 53 53 52 52 52 52 52 52 52 52 52 53 53 53 54
73 73 73 73 73 73 73 72 72 72 72 72 72 72 71 71 71 71 70 70 70 70 69 69 68 68 67 67 66 65 64 64 63 62 61 60 60 59 58 58 57 57 56 56 55 55 55 54 54 54 54 53 53 53 53 53 53 53 53 53 53 53 54 54 54 54 54 54 54 54 54 54 54 54 54 54 53 53 53 53 53 52 52 52 52 51 51 51 51 51 51 52 52 52 53 53
73 73 73 73 73 73 72 72 72 72 72 72 72 71 71 71 71 71 70 70 70 69 69 69 68 68 67 67 66 65 64 63 63 62 61 60 60 59 58 58 57 57 56 56 55 55 55 54 54 54 54 53 53 53 53 53 53 53 53 53 53 53 54 54 54 54 54 54 54 54 54 54 54 54 53 53 53 53 53 52 52 52 52 51 51 51 51 50 50 50 51 51 51 52 52 53
73 73 73 73 72 72 72 72 72 72 72 72 71 71 71 71 71 70 70 70 70 69 69 69 68 68 67 66 66 65 64 63 63 62 61 60 60 59 58 58 57 57 56 56 55 55 55 55 54 54 54 54 54 53 53 53 53 53 53 53 53 54 54 54 54 54 54 54 54 54 54 54 54 53 53 53 53 53 52 52 52 52 51 51 51 50 50 50 49 50 50 50 51 51 52 52
73 72 72 72 72 72 72 72 72 72 72 71 71 71 71 71 71 70 70 70 70 69 69 68 68 68 67 67 66 65 64 63 63 62 61 61 60 59 59 58 57 57 56 56 56 55 55 55 55 54 54 54 54 54 54 54 54 54 54 54 54 54 54 54 54 54 54 54 54 54 54 54 53 53 53 53 53 52 52 52 51 51 51 51 50 50 50 49 49 49 50 50 50 51 51 51
72 72 72 72 72 72 72 72 72 72 71 71 71 71 71 71 70 70 70 70 69 69 69 68 68 68 67 67 66 65 64 63 63 62 61 61 60 59 59 58 58 57 56 56 56 55 55 55 55 55 55 54 54 54 54 54 54 54 54 54 54 54 54 54 54 54 54 54 54 54 54 53 53 53 53 53 52 52 52 52 51 51 51 50 50 50 49 49 49 49 49 49 50 50 50 51
72 72 72 72 72 72 72 72 72 71 71 71 71 71 71 71 70 70 70 70 69 69 69 68 68 68 67 67 66 65 64 64 63 62 62 61 60 60 59 58 58 57 57 56 56 56 55 55 55 55 55 55 55 55 55 54 54 54 54 54 54 54 54 54 54 54 54 54 54 54 53 53 53 53 53 52 52 52 52 51 51 51 50 50 50 49 49 49 49 49 49 49 49 50 50 50
72 72 72 72 72 72 72 71 71 71 71 71 71 71 71 70 70 70 70 70 69 69 69 69 68 68 67 67 66 66 65 64 63 62 62 61 60 60 59 59 58 58 57 57 56 56 56 56 56 56 56 55 55 55 55 55 55 55 55 55 54 54 54 54 54 54 54 54 54 54 53 53 53 53 53 52 52 52 51 51 51 50 50 50 49 49 49 49 49 49 49 49 49 49 50 50
72 72 72 72 72 71 71 71 71 71 71 71 71 71 70 70 70 70 70 70 69 69 69 69 68 68 68 67 67 66 65 64 64 63 62 61 61 60 59 59 58 58 57 57 56 56 56 56 56 56 56 56 56 56 56 55 55 55 55 55 55 55 55 54 54 54 54 54 54 54 53 53 53 53 53 52 52 52 51 51 51 50 50 50 49 49 49 49 48 48 48 48 49 49 49 50
72 72 72 71 71 71 71 71 71 71 71 71 71 71 70 70 70 70 70 70 69 69 69 69 68 68 68 67 67 66 65 65 64 63 62 62 61 60 60 59 59 58 58 58 57 57 57 57 57 57 57 57 57 56 56 56 56 56 55 55 55 55 55 55 54 54 54 54 54 54 54 53 53 53 52 52 52 52 51 51 51 50 50 50 49 49 49 48 48 48 48 48 48 49 49 49
71 71 71 71 71 71 71 71 71 71 71 71 71 70 70 70 70 70 70 70 69 69 69 69 68 68 68 68 67 67 66 65 64 64 63 62 61 61 60 60 60 59 59 59 58 58 58 58 58 58 58 57 57 57 57 56 56 56 56 56 55 55 55 55 55 55 54 54 54 54 54 53 53 53 53 52 52 52 51 51 51 50 50 49 49 49 49 48 48 48 48 48 48 48 48 49
71 71 71 71 71 71 71 71 71 71 71 71 70 70 70 70 70 70 70 69 69 69 69 69 68 68 68 68 67 67 66 65 65 64 63 63 62 61 61 60 60 60 60 60 59 59 59 59 59 59 58 58 58 58 57 57 57 57 56 56 56 56 55 55 55 55 55 54 54 54 54 53 53 53 53 52 52 52 51 51 50 50 50 49 49 49 48 48 48 48 48 48 48 48 48 48
71 71 71 71 71 71 71 71 71 71 70 70 70 70 70 70 70 70 70 69 69 69 69 69 68 68 68 68 67 67 66 66 65 64 64 63 63 62 61 61 61 61 61 61 61 61 61 60 60 60 59 59 59 58 58 58 57 57 57 56 56 56 56 55 55 55 55 55 54 54 54 54 53 53 53 52 52 52 51 51 50 50 50 49 49 49 48 48 48 48 48 47 47 48 48 48
71 71 71 71 71 71 71 71 70 70 70 70 70 70 70 70 70 70 70 69 69 69 69 69 69 68 68 68 67 67 66 66 65 65 64 64 63 63 62 62 62 62 62 62 62 62 62 62 61 61 60 60 59 59 59 58 58 57 57 57 57 56 56 56 55 55 55 55 54 54 54 54 53 53 53 52 52 52 51 51 51 50 50 49 49 49 48 48 48 48 47 47 47 47 47 48
71 71 71 71 71 70 70 70 70 70 70 70 70 70 70 70 70 70 70 69 69 69 69 69 69 68 68 68 68 67 67 66 66 66 65 65 64 64 64 63 63 64 64 64 64 64 63 63 62 62 61 61 60 60 59 59 58 58 58 57 57 57 56 56 56 55 55 55 55 54 54 54 54 53 53 53 52 52 51 51 51 50 50 49 49 49 48 48 48 47 47 47 47 47 47 48
70 70 70 70 70 70 70 70 70 70 70 70 70 70 70 70 70 70 69 69 69 69 69 69 69 69 68 68 68 67 67 67 66 66 66 66 65 65 65 65 65 65 65 65 65 65 64 64 63 62 62 61 61 60 60 59 59 58 58 58 57 57 57 56 56 56 55 55 55 55 54 54 54 53 53 53 52 52 51 51 51 50 50 49 49 49 48 48 48 47 47 47 47 47 47 48
70 70 70 70 70 70 70 70 70 70 70 70 70 70 70 70 70 70 69 69 69 69 69 69 69 69 68 68 68 68 67 67 67 67 67 67 66 66 66 66 66 66 66 66 66 66 65 65 64 63 63 62 61 61 60 60 59 59 58 58 57 57 57 57 56 56 56 55 55 55 55 54 54 54 53 53 52 52 52 51 51 50 50 50 49 49 48 48 48 48 47 47 47 47 47 48
70 70 70 70 70 70 70 70 70 70 70 70 70 70 70 70 70 69 69 69 69 69 69 69 69 69 69 68 68 68 68 68 68 68 68 68 68 67 67 67 67 67 67 67 67 66 66 65 65 64 63 62 62 61 61 60 59 59 59 58 58 57 57 57 56 56 56 56 55 55 55 54 54 54 53 53 53 52 52 51 51 50 50 50 49 49 49 48 48 48 47 47 47 47 47 48
70 70 70 70 70 70 70 70 70 70 70 70 70 70 69 69 69 69 69 69 69 69 69 69 69 69 69 69 69 68 68 68 68 68 68 68 69 69 69 69 69 69 68 68 68 67 67 66 65 64 64 63 62 62 61 60 60 59 59 58 58 58 57 57 57 56 56 56 56 55 55 55 54 54 54 53 53 52 52 51 51 51 50 50 49 49 49 48 48 48 47 47 47 47 47 48
70 70 70 70 70 70 70 70 70 69 69 69 69 69 69 69 69 69 69 69 69 69 69 69 69 69 69 69 69 69 69 69 69 69 69 69 70 70 70 70 70 70 70 69 69 68 67 66 66 65 64 63 63 62 61 61 60 59 59 59 58 58 58 57 57 57 57 56 56 56 55 55 55 54 54 53 53 53 52 52 51 51 50 50 50 49 49 48 48 48 48 47 47 47 47 48
69 69 69 69 69 69 69 69 69 69 69 69 69 69 69 69 69 69 69 69 69 69 69 69 69 69 69 69 69 69 69 69 70 70 70 70 71 71 71 71 71 71 70 70 69 69 68 67 66 65 64 63 63 62 61 61 60 60 59 59 58 58 58 58 57 57 57 57 56 56 56 55 55 55 54 54 53 53 52 52 51 51 51 50 50 49 49 49 48 48 48 48 47 47 48 48
69 69 69 69 69 69 69 69 69 69 69 69 69 69 69 69 69 69 69 69 69 69 69 69 69 69 69 69 70 70 70 70 70 70 71 71 72 72 72 72 72 72 72 71 70 69 68 67 66 65 64 64 63 62 61 61 60 60 59 59 58 58 58 58 58 57 57 57 57 56 56 56 55 55 54 54 53 53 53 52 52 51 51 50 50 49 49 49 48 48 48 48 48 47 48 48
69 69 69 69 69 69 69 69 69 69 69 69 69 69 69 69 69 69 69 69 69 69 69 69 69 69 69 70 70 70 70 70 71 71 71 72 72 73 73 73 73 73 73 72 71 70 69 67 66 65 64 64 63 62 62 61 60 60 59 59 59 58 58 58 58 58 57 57 57 57 56 56 56 55 55 54 54 53 53 52 52 51 51 50 50 50 49 49 49 48 48 48 48 48 48 48
69 69 69 69 69 69 69 69 69 69 69 69 69 69 69 69 69 69 69 69 69 69 69 69 69 69 70 70 70 70 70 71 71 71 72 72 73 73 74 74 74 74 74 73 72 70 69 68 67 66 64 64 63 62 62 61 60 60 60 59 59 59 58 58 58 58 58 58 57 57 57 56 56 55 55 54 54 54 53 53 52 52 51 51 50 50 49 49 49 48 48 48 48 48 48 48
69 69 69 69 69 69 69 69 69 69 69 69 69 69 69 69 69 69 69 69 69 69 69 69 69 69 70 70 70 70 71 71 71 72 72 72 73 74 74 74 74 74 74 73 72 71 69 68 67 66 65 64 63 62 62 61 61 60 60 59 59 59 59 58 58 58 58 58 58 57 57 57 56 56 55 55 54 54 53 53 52 52 51 51 50 50 50 49 49 49 48 48 48 48 48 48
68 68 68 68 68 68 68 68 68 68 68 68 68 68 68 69 69 69 69 69 69 69 69 69 69 69 70 70 70 70 71 71 71 72 72 72 73 74 74 74 74 74 74 73 72 70 69 68 67 65 65 64 63 62 62 61 60 60 60 59 59 59 59 59 59 59 59 58 58 58 57 57 57 56 56 55 55 54 54 53 53 52 52 51 51 50 50 49 49 49 48 48 48 48 48 48
68 68 68 68 68 68 68 68 68 68 68 68 68 68 68 68 68 68 68 69 69 69 69 69 69 69 69 70 70 70 71 71 71 72 72 72 73 73 74 74 74 74 73 72 71 70 69 67 66 65 64 64 63 62 62 61 60 60 60 59 59 59 59 59 59 59 59 59 59 58 58 57 57 56 56 55 55 54 54 53 53 52 52 51 51 50 50 50 49 49 48 48 48 48 47 47
68 68 68 68 68 68 68 68 68 68 68 68 68 68 68 68 68 68 68 68 68 69 69 69 69 69 69 69 70 70 70 71 71 71 72 72 73 73 74 74 74 73 73 72 71 69 68 67 66 65 64 63 63 62 61 61 60 60 59 59 59 59 59 59 59 59 59 59 59 59 58 58 57 57 56 56 55 55 54 53 53 53 52 52 51 51 50 50 49 49 49 48 48 48 47 47
