MUSICEvapDataQueryTool/BOMEvapData/etapjan.txt
ncols         417
nrows         337
xllcorner     112.15
yllcorner     -43.8
cellsize      0.1
NODATA_value  -9999
[rows 210 to 251 of 337, columns 188 to 281 of 417]
187 188 188 188 189 189 189 189 189 189 189 189 189 189 189 188 188 186 186 185 185 184 184 183 183 182 182 182 182 182 181 181 181 182 182 181 181 181 181 181 182 182 181 181 182 182 182 182 182 183 183 183 183 183 184 184 182 183 183 184 184 185 185 185 185 185 186 186 186 186 186 186 185 185 184 179 179 178 180 182 183 183 184 184 184 184 184 184 184 184 184 184 185 185
189 189 189 189 189 189 189 189 189 189 189 190 189 189 189 189 188 187 186 185 185 184 184 183 182 182 181 181 181 181 181 180 180 181 181 181 180 181 181 181 181 181 181 181 181 181 182 182 182 182 182 182 182 182 183 183 183 183 183 183 183 185 185 184 184 184 185 186 186 186 186 185 185 184 184 181 179 177 178 181 182 183 182 183 184 184 184 184 184 184 184 184 184 184
190 191 190 190 190 190 190 189 190 190 190 190 190 189 189 189 189 188 186 185 185 184 183 182 182 181 181 180 180 180 180 179 179 180 180 180 179 180 180 180 180 180 180 180 180 180 181 181 181 181 181 182 182 182 183 183 183 183 183 183 184 184 184 184 184 183 184 185 185 185 185 185 185 184 183 178 177 177 178 181 182 182 182 183 183 183 183 183 183 183 183 183 183 183
192 192 192 192 192 190 190 190 190 190 190 190 190 190 189 189 189 188 186 185 185 184 183 182 181 181 180 179 179 179 179 179 179 179 178 178 179 179 179 179 179 179 180 180 180 179 180 180 180 181 181 181 181 181 182 182 182 183 183 183 183 183 184 184 184 183 184 185 185 185 185 184 184 183 181 175 176 178 179 180 181 181 182 182 183 183 182 182 182 182 182 182 182 182
192 192 192 192 192 192 192 191 191 190 190 191 191 190 190 190 189 188 187 186 185 184 182 182 181 180 179 178 178 178 178 178 178 178 178 178 178 178 178 179 178 178 179 179 179 178 179 179 180 180 180 180 181 181 181 182 182 182 183 182 183 183 183 183 184 183 183 185 185 184 184 184 183 182 177 179 177 178 179 180 180 180 181 182 182 182 182 182 182 182 181 181 181 182
192 192 192 192 192 193 193 193 193 191 191 190 191 191 191 190 189 189 187 186 185 184 182 181 180 179 178 178 177 177 177 177 177 178 178 178 178 178 177 177 177 177 178 178 178 178 178 178 179 179 180 180 180 180 181 181 182 182 182 182 183 183 183 183 183 184 184 184 184 184 184 183 182 181 180 179 177 177 178 178 179 179 181 181 181 181 181 181 181 181 181 181 180 181
192 192 192 192 193 193 193 193 193 193 191 191 191 191 191 191 189 189 187 186 185 183 182 180 179 178 177 176 176 177 176 176 177 177 177 177 177 177 177 177 177 177 177 177 177 176 176 177 177 178 179 179 180 180 180 181 181 181 181 182 182 182 182 182 183 183 183 184 184 184 183 181 181 180 180 179 176 174 176 177 175 178 179 180 181 180 180 179 180 179 180 180 179 180
192 192 192 192 193 193 193 193 193 193 193 193 191 192 193 193 192 190 189 186 185 183 182 180 179 178 177 176 176 176 176 176 176 177 177 177 177 176 176 176 176 176 176 176 176 176 176 176 177 178 178 179 179 179 180 180 181 181 181 181 181 182 182 182 182 182 182 183 184 183 182 181 180 179 179 179 176 174 177 178 178 179 179 179 180 179 179 178 178 178 179 178 178 178
192 192 192 192 192 193 193 193 193 193 193 193 193 193 193 193 191 190 189 188 185 183 182 180 179 178 177 175 175 175 176 176 176 177 177 177 177 177 176 175 174 174 174 175 176 176 175 175 176 177 178 178 179 179 179 180 180 181 181 181 181 181 182 182 182 182 182 183 183 181 178 181 180 179 179 177 176 174 177 178 178 178 179 179 178 178 178 178 177 177 177 177 177 176
191 192 192 192 192 192 193 193 193 193 193 193 193 193 193 192 191 190 189 187 186 183 182 182 181 179 178 174 175 175 176 176 176 176 176 176 176 176 176 175 174 174 174 174 174 175 175 175 176 177 177 178 178 178 179 179 180 180 180 180 180 180 181 181 182 182 182 183 183 179 178 180 180 179 177 176 175 174 175 176 177 178 178 178 177 177 177 177 176 176 176 175 175 175
191 191 192 192 192 192 192 192 193 193 193 193 193 193 192 192 191 190 189 187 186 185 183 182 181 179 178 177 177 176 176 176 176 176 176 176 176 176 176 175 175 174 173 173 173 173 174 174 175 175 176 177 178 178 179 179 180 180 180 180 180 179 180 181 182 182 183 183 183 179 178 180 179 179 177 175 175 175 173 175 177 177 177 176 176 176 176 176 175 174 174 174 175 175
191 191 191 192 192 192 192 192 192 192 192 192 192 192 192 191 190 189 188 187 186 185 183 182 181 180 179 178 178 178 177 177 177 177 176 176 176 175 175 175 175 174 173 172 172 172 173 174 174 175 175 176 176 177 178 178 179 180 180 180 180 179 179 181 181 182 183 183 183 177 179 180 179 177 175 176 174 174 174 176 176 176 175 174 175 175 174 174 174 173 174 174 174 174
191 191 191 191 192 192 192 192 192 192 192 192 192 191 191 191 190 189 188 187 186 185 184 181 181 180 180 179 179 177 179 179 178 177 177 177 176 175 175 174 174 173 172 171 171 172 171 172 173 174 175 175 175 177 178 178 178 179 179 180 180 180 180 181 182 181 182 183 183 180 177 179 179 177 175 174 173 174 174 175 175 174 174 173 173 174 173 173 172 172 172 172 172 172
190 191 191 191 191 191 192 192 192 192 192 191 191 191 191 190 189 189 188 187 186 185 184 183 182 181 180 180 180 180 180 180 180 178 178 177 176 175 175 174 173 173 172 171 171 171 170 171 172 174 175 175 176 176 177 178 178 179 179 179 179 180 181 181 182 181 181 184 183 182 176 179 179 177 175 173 173 174 174 174 174 173 173 173 173 173 174 173 170 171 170 171 171 171
190 190 191 191 191 191 191 191 191 191 191 191 191 191 190 190 189 188 187 187 186 185 184 183 182 182 181 181 181 181 181 181 181 179 178 178 177 176 175 173 173 172 172 171 171 170 170 171 172 173 174 174 176 176 176 178 178 179 179 179 180 180 181 181 182 181 180 184 184 182 177 178 179 177 175 173 174 173 172 172 172 171 172 172 172 173 173 171 170 170 170 170 170 170
190 190 190 190 191 191 191 191 191 191 191 191 190 190 190 189 189 188 187 187 186 185 184 183 183 182 182 182 181 182 182 180 181 180 179 178 177 175 175 173 172 171 171 171 170 170 169 170 172 172 173 174 175 176 176 177 178 179 179 179 180 180 181 181 181 182 180 182 184 182 177 174 178 177 174 171 172 171 168 170 170 169 169 170 171 171 171 170 170 169 168 168 168 169
190 190 190 190 190 190 190 191 190 190 190 190 190 190 189 189 188 188 187 186 186 185 184 184 183 183 182 182 182 182 182 181 182 181 179 178 177 176 175 173 172 171 170 170 169 169 169 170 171 172 173 174 175 176 176 177 178 179 179 180 180 180 181 181 181 182 182 182 184 183 180 174 177 176 173 170 169 170 167 167 167 167 167 168 169 168 168 168 168 167 167 167 167 168
189 189 190 190 190 190 190 190 190 190 190 190 190 189 189 189 188 188 187 186 186 185 185 184 184 183 183 183 183 183 183 183 182 181 180 179 177 176 175 174 173 172 171 169 168 168 169 169 170 172 173 174 175 176 176 177 178 179 179 180 180 180 181 182 182 182 184 183 184 184 182 177 176 176 174 169 169 167 166 165 165 165 165 166 166 165 165 165 165 165 165 165 166 166
189 189 189 189 190 190 190 190 190 190 190 189 189 189 189 188 188 187 187 186 186 185 185 184 184 184 183 183 183 183 183 183 183 181 179 179 177 176 176 174 173 172 171 170 169 168 168 169 170 172 173 174 175 176 177 178 179 179 179 180 180 180 180 181 182 183 184 184 184 184 183 178 177 177 175 170 168 166 165 164 165 164 164 164 164 163 163 163 163 163 163 164 164 165
189 189 189 189 189 189 189 189 189 189 189 189 189 189 188 188 188 187 187 186 186 185 185 185 184 184 184 184 183 183 183 183 183 180 182 181 179 177 176 175 174 172 171 170 169 168 168 169 170 172 174 175 176 176 177 177 179 179 180 180 180 179 181 181 182 183 183 184 184 183 183 181 178 179 176 172 168 165 164 165 164 164 164 163 162 161 161 161 161 161 161 161 162 163
188 189 189 189 189 189 189 189 189 189 189 189 188 188 188 188 187 187 187 186 186 185 185 185 184 184 184 184 184 184 183 183 183 183 182 181 181 180 177 176 175 173 172 171 170 168 168 170 171 173 174 174 176 177 178 178 179 179 180 180 180 180 181 181 183 183 183 183 182 183 183 182 181 181 178 172 170 166 165 164 164 163 162 162 160 159 159 158 158 158 159 159 160 161
188 188 188 188 189 189 189 189 189 189 188 188 188 188 188 187 187 187 186 186 186 185 185 185 185 184 184 184 184 184 184 183 183 183 182 182 181 180 178 177 175 174 173 172 171 170 170 171 172 174 175 176 177 178 178 178 178 179 180 181 180 180 181 181 182 182 182 182 182 182 182 182 182 181 179 173 172 166 165 163 162 162 161 160 158 157 156 155 155 156 156 157 158 160
188 188 188 188 188 188 188 188 188 188 188 188 188 188 187 187 187 187 186 186 186 185 185 185 185 184 184 184 184 184 184 183 183 183 182 182 182 181 180 177 177 175 175 174 173 172 172 173 174 174 176 176 178 178 178 179 180 181 181 180 181 181 181 182 182 181 181 181 181 181 181 181 181 181 179 177 173 168 165 162 162 162 160 158 156 154 153 152 152 153 154 155 157 158
187 188 188 188 188 188 188 188 188 188 188 188 188 187 187 187 187 186 186 186 186 185 185 185 185 185 184 184 184 184 184 184 183 183 183 182 182 182 181 178 178 177 175 175 174 174 173 174 174 176 177 178 179 179 179 180 180 180 180 181 181 181 181 181 181 181 180 180 180 179 179 178 179 179 178 175 172 169 165 163 162 161 158 156 153 151 150 149 149 150 151 153 155 157
187 187 187 187 187 188 188 188 188 188 187 187 187 187 187 187 186 186 186 186 186 185 185 185 185 185 184 184 184 184 184 184 183 183 183 181 182 182 182 180 179 178 177 176 175 175 175 175 176 177 178 179 180 181 181 181 182 182 182 182 181 181 181 181 180 179 179 178 178 177 177 177 177 177 175 172 171 168 165 163 162 160 157 154 151 148 146 146 146 147 149 151 154 156
187 187 187 187 187 187 187 187 187 187 187 187 187 187 187 186 186 186 186 186 185 185 185 185 185 185 184 184 184 184 184 184 184 183 183 183 183 183 182 182 181 179 178 177 177 176 176 176 177 178 178 180 181 182 183 184 183 183 182 183 182 181 181 180 179 178 177 176 175 175 175 174 175 175 174 171 169 167 165 163 162 160 157 153 149 145 143 142 142 144 147 150 153 155
186 187 187 187 187 187 187 187 187 187 187 187 187 187 186 186 186 186 186 186 185 185 185 185 185 185 184 184 184 184 184 184 184 183 183 183 183 183 183 182 182 181 179 178 178 177 177 177 178 178 179 179 181 182 183 184 184 184 183 182 182 181 180 179 178 177 175 174 174 174 173 173 173 173 172 170 167 166 165 164 163 160 156 152 147 143 139 137 138 141 146 150 153 155
186 186 186 186 186 187 187 187 187 187 186 186 186 186 186 186 186 186 186 185 185 185 185 185 185 184 184 184 184 184 184 184 184 183 183 183 183 183 183 182 182 181 181 179 178 178 178 178 178 179 179 179 181 182 183 184 184 183 183 182 181 180 179 178 177 176 174 172 172 172 172 171 172 172 172 170 167 167 166 165 164 161 157 151 146 140 135 132 133 139 145 150 153 156
186 186 186 186 186 186 186 186 186 186 186 186 186 186 186 186 186 185 185 185 185 185 185 185 185 184 184 184 184 184 184 184 184 184 183 183 183 183 183 182 182 182 181 179 179 179 179 178 178 179 179 180 181 182 183 183 183 183 182 181 180 179 179 178 177 174 173 171 171 171 171 172 172 172 172 171 169 168 167 166 166 163 158 152 146 139 133 127 129 139 148 153 155 157
185 186 186 186 186 186 186 186 186 186 186 186 186 186 186 185 185 185 185 185 185 185 185 185 184 184 184 184 184 184 184 184 184 184 183 183 183 183 183 183 182 182 182 179 179 179 179 179 178 178 179 180 181 182 183 183 182 182 181 181 180 179 178 177 176 174 172 171 170 170 171 173 172 172 172 171 170 170 169 168 168 166 160 153 147 140 134 129 132 144 154 157 158 158
185 185 185 185 186 186 186 186 186 186 186 186 185 185 185 185 185 185 185 185 185 185 184 184 184 184 184 184 184 184 184 184 184 183 183 183 183 183 183 183 182 182 182 182 180 179 179 179 178 178 179 180 181 182 182 182 182 181 181 180 179 178 177 177 176 174 172 171 171 171 171 173 172 172 172 172 171 171 170 170 170 169 162 155 149 144 139 137 142 153 160 160 159 159
185 185 185 185 185 185 185 185 185 185 185 185 185 185 185 185 185 185 185 185 185 184 184 184 184 184 184 184 184 184 184 184 183 183 183 183 183 183 183 183 183 182 182 182 180 179 179 179 178 177 179 182 182 182 182 182 181 181 180 179 178 177 177 176 175 173 172 172 171 171 173 173 172 173 173 173 173 172 172 172 170 168 163 156 152 148 144 145 148 155 159 160 160 159
185 185 185 185 185 185 185 185 185 185 185 185 185 185 185 185 185 185 184 184 184 184 184 184 184 184 184 184 184 184 184 183 183 183 183 183 183 183 183 183 183 182 181 182 180 180 180 179 178 179 180 181 182 182 182 181 181 180 179 178 178 177 176 175 175 173 172 172 172 173 173 174 174 173 174 174 174 173 173 172 171 168 164 159 154 151 149 149 152 156 159 160 160 160
184 184 184 184 185 185 185 185 185 185 185 185 185 185 185 184 184 184 184 184 184 184 184 184 184 184 184 184 184 183 183 183 183 183 183 183 183 183 183 183 183 183 182 181 181 181 180 178 178 181 182 182 182 182 181 181 180 179 179 178 177 176 175 175 174 173 172 172 173 174 174 174 175 175 174 175 175 174 174 172 168 166 164 160 156 154 152 152 154 156 159 160 160 160
184 184 184 184 184 184 184 184 184 184 184 184 184 184 184 184 184 184 184 184 184 184 184 184 184 184 183 183 183 183 183 183 183 183 183 183 183 183 183 183 183 183 183 183 183 181 180 180 180 181 183 182 182 180 181 180 180 179 178 177 176 175 174 174 174 172 171 172 173 175 175 175 176 176 176 175 176 174 172 166 164 165 164 160 157 155 154 154 155 157 159 160 161 161
184 184 184 184 184 184 184 184 184 184 184 184 184 184 184 184 184 184 184 184 184 184 184 183 183 183 183 183 183 183 183 183 183 183 183 183 183 183 183 183 183 183 183 183 183 181 181 181 182 181 182 182 182 181 181 180 179 179 178 177 175 174 174 173 173 171 171 172 174 176 176 176 176 176 176 175 176 170 166 163 161 163 163 161 158 156 155 155 156 158 159 161 162 162
183 183 183 184 184 184 184 184 184 184 184 184 184 184 184 184 184 184 183 183 183 183 183 183 183 183 183 183 183 183 183 183 183 183 183 183 183 183 183 183 183 183 183 183 183 183 181 182 182 182 183 182 182 181 181 180 179 178 177 176 175 174 173 172 172 170 171 172 176 177 177 177 176 176 176 175 175 170 165 163 162 164 163 161 158 157 156 156 157 158 160 161 163 164
183 183 183 183 183 183 183 183 183 183 183 183 183 183 183 183 183 183 183 183 183 183 183 183 183 183 183 183 183 183 183 183 183 183 182 182 182 182 182 182 182 182 182 183 183 183 183 183 183 182 183 180 182 181 180 180 179 178 177 176 173 171 169 168 168 169 171 174 177 178 178 177 176 176 176 174 169 162 164 163 164 164 163 161 158 156 156 156 157 158 160 162 163 164
183 183 183 183 183 183 183 183 183 183 183 183 183 183 183 183 183 183 183 183 183 183 183 183 183 183 183 183 182 182 182 182 182 182 182 182 182 182 182 182 182 182 182 182 182 182 183 183 183 182 182 182 181 181 180 179 179 178 177 176 172 170 168 167 167 169 172 177 179 179 178 177 176 175 175 170 164 163 163 163 166 164 163 160 157 156 156 156 157 159 160 162 163 164
182 182 183 183 183 183 183 183 183 183 183 183 183 183 183 183 183 183 183 183 183 183 182 182 182 182 182 182 182 182 182 182 182 182 182 182 182 182 182 182 182 182 182 182 182 182 182 182 182 182 182 181 181 180 180 179 179 178 177 174 172 171 170 169 172 173 173 178 180 180 178 177 175 174 174 168 162 160 161 166 167 164 162 159 156 155 155 156 157 159 160 162 163 164
182 182 182 182 182 182 182 182 182 182 182 182 182 182 182 182 182 182 182 182 182 182 182 182 182 182 182 182 182 182 182 182 182 182 182 182 182 182 182 182 182 182 182 182 182 182 182 182 182 181 181 181 180 180 179 179 178 178 177 175 175 174 173 173 173 175 176 178 180 179 178 176 174 173 172 165 159 159 165 171 169 165 162 159 155 153 155 156 157 159 161 162 164 165
182 182 182 182 182 182 182 182 182 182 182 182 182 182 182 182 182 182 182 182 182 182 182 182 182 182 182 182 182 182 182 182 182 181 181 181 181 181 181 181 181 181 181 181 181 181 181 181 181 181 180 180 180 179 179 179 178 178 177 176 175 174 174 174 174 176 177 178 179 178 176 174 173 171 161 156 158 164 169 171 168 165 163 158 155 153 155 156 158 160 161 163 164 165
