MUSICEvapDataQueryTool/BOMEvapData/etapfeb.txt
ncols         417
nrows         337
xllcorner     112.15
yllcorner     -43.8
cellsize      0.1
NODATA_value  -9999
[rows 210 to 251 of 337, columns 0 to 93 of 417]
158 158 158 158 158 158 158 158 158 158 158 158 159 159 159 159 159 159 159 159 159 159 159 159 159 159 159 159 160 160 160 159 159 158 157 156 155 154 154 153 152 151 151 151 150 149 148 147 145 144 143 142 141 140 139 139 139 139 139 138 138 138 138 139 139 138 139 139 139 139 139 139 138 138 138 138 137 137 136 136 136 136 135 135 134 133 133 133 132 132 132 131 131 131
158 158 158 158 158 158 158 158 158 158 158 158 158 158 158 158 158 158 158 158 158 158 158 158 159 159 159 159 159 159 159 159 158 158 156 156 155 154 154 153 153 152 152 151 150 150 148 147 145 144 143 142 141 140 139 139 139 139 139 138 138 138 138 138 138 138 138 138 138 139 138 138 138 138 138 138 137 136 136 136 136 135 134 134 134 133 132 132 131 131 131 131 130 131
157 157 157 157 157 157 157 157 157 157 157 157 157 157 157 157 157 158 158 158 158 158 158 158 158 158 158 158 158 158 158 158 157 157 155 155 154 154 154 154 153 153 153 152 151 150 149 147 146 144 143 142 141 140 139 138 138 138 138 138 137 137 137 138 138 138 138 138 138 138 138 138 138 137 138 137 137 136 136 136 135 134 134 134 133 133 132 131 131 130 130 130 130 130
157 157 157 157 157 157 157 157 157 157 157 157 157 157 157 157 157 157 157 157 157 157 157 157 157 157 157 157 157 157 157 157 156 156 155 154 154 154 154 154 154 154 153 153 152 150 149 147 146 144 143 142 141 140 139 139 138 138 138 138 137 137 137 137 138 137 137 138 138 138 138 138 137 137 137 137 136 136 136 136 135 134 134 133 133 132 131 131 131 130 130 130 129 129
156 156 156 156 156 156 156 156 156 156 156 156 156 156 156 156 156 156 156 156 156 156 156 156 156 156 156 156 156 156 156 156 155 155 155 154 153 153 153 154 154 154 154 153 152 151 149 147 145 144 143 142 141 140 139 139 138 138 137 137 137 137 137 137 137 137 137 137 138 138 137 137 137 137 137 137 136 135 136 135 135 134 133 133 132 132 131 131 130 130 129 129 129 128
156 156 156 156 156 156 156 156 156 156 156 156 156 156 156 156 156 156 156 156 156 156 156 156 156 156 156 155 155 155 155 155 154 154 154 154 153 152 152 154 155 155 154 153 152 150 148 147 145 143 142 141 140 139 139 138 137 137 137 137 137 137 137 137 137 137 137 137 138 137 137 137 137 137 137 137 136 136 136 135 134 133 133 132 132 131 131 131 130 130 129 129 128 128
155 155 155 155 155 155 155 155 155 155 155 155 155 155 155 155 155 155 155 155 155 155 155 155 155 155 155 155 154 154 154 154 153 153 153 153 152 152 152 155 156 155 154 152 151 149 147 145 144 143 141 140 140 139 138 138 137 137 137 137 137 136 136 137 137 137 137 137 137 137 137 137 137 137 137 136 136 136 135 135 134 133 133 132 132 131 131 131 130 129 129 128 128 127
155 155 155 155 155 155 155 154 154 154 154 154 154 154 154 154 154 154 154 154 154 154 154 154 154 154 154 154 154 153 153 153 153 151 152 153 152 152 153 155 155 154 153 151 149 148 146 144 143 142 141 140 140 139 138 138 138 137 137 137 137 136 136 137 137 137 138 138 137 137 137 137 137 137 137 136 136 136 135 135 134 133 132 132 132 131 131 130 129 129 128 127 127 126
154 154 154 154 154 154 154 154 154 154 154 154 154 154 154 154 153 153 153 153 153 153 153 153 153 153 153 153 153 153 152 152 152 152 152 152 152 152 152 153 153 153 151 150 148 146 145 143 142 141 140 140 139 139 138 137 137 137 136 136 136 136 136 137 137 137 138 138 138 138 138 137 137 137 136 136 136 136 135 134 134 133 132 132 132 131 131 129 129 128 127 127 126 125
154 154 154 153 153 153 153 153 153 153 153 153 153 153 153 153 153 153 153 153 153 153 153 153 152 152 152 152 152 152 152 152 152 152 152 153 152 152 152 151 151 151 150 148 147 145 143 141 141 140 140 140 139 138 138 137 136 136 136 136 136 136 136 137 137 137 138 138 138 138 138 137 137 137 137 136 136 136 135 134 134 133 133 132 132 131 130 129 128 128 126 126 125 124
153 153 153 153 153 153 153 153 153 152 152 152 152 152 152 152 152 152 152 152 152 152 152 152 152 152 152 151 151 151 151 151 151 152 152 152 153 152 150 149 149 148 148 147 145 144 143 141 141 140 140 139 138 138 137 137 136 136 136 135 135 135 136 136 137 137 138 138 138 138 138 138 137 137 137 136 136 135 135 134 134 134 133 133 132 131 130 129 128 127 126 125 125 124
153 153 152 152 152 152 152 152 152 152 152 152 152 151 151 151 151 151 151 151 151 151 151 151 151 151 151 151 151 151 151 151 151 151 152 152 152 151 149 147 147 146 146 145 144 143 142 141 141 140 140 139 138 138 137 136 136 135 135 135 135 135 135 136 137 137 139 139 139 139 139 138 138 137 137 136 136 135 135 135 135 134 133 133 132 131 130 129 128 127 126 125 124 124
152 152 152 152 152 152 151 151 151 151 151 151 151 151 151 151 151 150 150 150 150 150 150 150 150 150 150 150 150 150 150 150 150 151 151 151 150 149 146 146 145 145 144 143 143 142 142 141 141 140 139 138 138 138 137 136 136 135 135 134 134 134 135 136 137 138 139 140 140 139 139 139 138 138 137 136 136 135 135 135 135 134 134 133 132 130 130 129 128 127 126 125 124 123
151 151 151 151 151 151 151 151 151 151 150 150 150 150 150 150 150 150 150 149 149 149 149 149 149 149 149 149 149 149 149 150 150 150 150 149 149 148 145 144 144 143 143 142 142 141 141 140 140 139 139 138 138 137 137 136 135 135 135 134 134 134 135 136 137 138 138 139 139 139 139 138 138 137 137 136 136 135 135 135 135 134 134 133 132 131 130 129 128 127 126 125 124 123
151 151 151 151 150 150 150 150 150 150 150 150 149 149 149 149 149 149 149 149 149 148 148 148 148 148 148 148 149 149 149 149 149 149 148 148 148 146 143 143 142 141 141 141 141 141 140 140 139 139 139 138 138 137 137 136 135 135 135 134 134 135 136 136 137 138 138 138 139 139 138 138 138 138 137 136 136 135 135 135 135 134 134 133 132 131 130 129 128 127 126 125 124 123
150 150 150 150 150 150 150 149 149 149 149 149 149 149 148 148 148 148 148 148 148 148 148 147 147 147 147 148 148 148 148 148 148 148 148 147 146 145 142 142 141 141 140 140 140 140 140 140 139 140 139 139 138 137 136 136 135 135 134 135 135 136 136 137 138 139 139 138 138 138 138 138 138 138 137 137 136 136 136 135 135 134 134 133 133 132 131 130 129 128 127 125 124 123
150 150 150 149 149 149 149 149 149 149 148 148 148 148 148 148 147 147 147 147 147 147 147 147 147 147 147 147 147 147 147 147 148 148 147 146 145 143 141 140 139 139 139 139 139 139 139 139 140 140 140 139 137 136 136 135 134 134 134 135 135 136 137 138 138 139 139 138 138 138 138 138 138 137 137 136 136 136 136 136 136 135 135 134 133 133 132 131 130 128 127 126 124 123
149 149 149 149 149 149 148 148 148 148 148 148 147 147 147 147 147 146 146 146 146 146 146 146 146 146 146 146 146 146 146 147 147 147 147 145 144 142 139 138 138 138 137 137 137 138 138 138 139 140 140 139 137 136 135 134 134 134 134 135 136 137 138 139 138 138 139 138 138 138 137 137 137 137 137 137 136 136 136 136 136 136 135 135 134 133 133 131 130 129 128 126 124 123
149 149 148 148 148 148 148 148 147 147 147 147 147 146 146 146 146 146 145 145 145 145 145 145 145 144 144 145 145 145 145 146 146 146 146 145 144 141 139 137 137 136 136 136 136 136 137 137 138 139 139 137 135 134 133 133 133 134 134 134 136 137 139 139 139 138 138 138 138 137 137 137 137 137 137 137 136 136 136 136 136 136 136 136 135 134 133 132 131 130 128 127 125 123
148 148 148 148 148 147 147 147 147 147 146 146 146 146 146 145 145 145 145 144 144 144 144 144 143 143 143 143 143 144 144 145 145 146 146 144 143 139 137 136 135 134 134 134 134 135 135 135 136 136 135 134 133 132 132 132 132 133 133 134 135 137 139 139 139 138 137 137 137 137 137 136 136 136 137 136 136 136 136 136 136 136 136 136 135 135 134 133 132 131 129 128 126 124
148 147 147 147 147 147 147 146 146 146 146 145 145 145 145 145 144 144 144 144 143 143 143 143 142 142 142 142 142 142 143 143 144 145 145 144 141 138 135 134 133 133 132 132 133 133 134 134 134 133 132 131 130 130 130 131 131 132 132 133 134 136 137 137 137 137 136 136 136 136 136 136 136 136 136 136 136 137 136 136 136 137 137 137 136 136 135 134 133 132 131 129 128 126
147 147 147 147 146 146 146 146 146 145 145 145 145 144 144 144 144 143 143 143 142 142 142 142 141 141 141 141 141 141 141 142 143 144 145 144 139 137 134 132 131 131 131 131 131 131 132 132 132 131 130 128 127 128 129 130 130 131 131 132 133 134 135 135 135 135 135 135 135 135 135 135 136 136 136 136 137 137 137 137 137 137 138 138 138 137 137 136 134 133 132 130 129 128
147 146 146 146 146 146 145 145 145 145 144 144 144 144 143 143 143 142 142 142 141 141 141 141 140 140 140 139 139 139 139 140 140 142 142 141 138 135 133 131 130 130 130 130 130 130 131 131 130 130 129 127 127 127 128 129 129 129 130 131 131 132 133 133 133 133 134 134 134 134 135 135 135 135 135 136 137 137 137 138 137 139 139 139 139 139 139 137 136 135 133 132 131 129
146 146 146 146 145 145 145 145 144 144 144 144 143 143 143 142 142 142 141 141 141 140 140 140 139 139 138 138 138 136 137 137 138 138 138 137 136 134 132 131 130 129 129 129 129 129 130 130 130 129 128 127 127 127 127 128 128 128 129 129 129 130 130 131 131 131 132 132 133 133 134 134 135 135 135 136 137 137 138 139 139 139 140 140 141 140 140 139 137 136 135 133 132 131
146 145 145 145 145 145 144 144 144 144 143 143 143 142 142 142 141 141 141 140 140 139 139 139 138 138 137 137 135 134 134 133 134 135 135 135 134 133 132 131 130 129 128 128 128 129 129 129 129 129 129 128 127 127 127 127 127 127 127 128 128 128 128 129 129 130 130 131 131 133 133 133 134 135 135 136 137 138 138 138 140 140 140 141 142 142 141 140 139 137 136 135 133 133
145 145 145 144 144 144 144 143 143 143 143 142 142 142 141 141 141 140 140 139 139 139 138 138 137 137 136 136 133 133 132 131 132 132 133 133 133 133 133 132 130 128 127 127 127 128 128 129 129 129 129 128 127 127 127 126 127 126 126 126 126 126 126 126 127 128 129 130 130 132 133 133 134 135 136 136 137 139 138 139 140 141 141 141 142 142 142 140 139 138 137 136 135 134
145 144 144 144 144 143 143 143 143 142 142 142 141 141 141 140 140 140 139 139 138 138 137 137 136 136 135 135 132 131 131 131 131 131 132 133 133 134 133 132 131 129 126 126 127 127 128 128 129 130 129 128 127 127 126 126 126 126 125 125 125 124 124 124 125 126 128 129 130 131 132 134 134 135 136 137 138 139 139 140 141 141 141 142 142 142 142 142 141 140 139 138 137 136
144 144 144 143 143 143 143 142 142 142 142 141 141 141 140 140 139 139 139 138 138 137 137 136 136 135 134 134 132 131 131 130 130 131 132 133 133 133 135 135 133 130 127 127 127 127 128 128 129 129 129 128 127 127 126 126 126 125 125 125 124 123 123 122 123 125 126 128 130 131 132 134 135 136 136 137 139 140 141 141 142 142 142 143 143 142 142 142 141 140 139 138 138 137
144 143 143 143 143 142 142 142 142 141 141 141 140 140 140 139 139 138 138 138 137 137 136 136 135 134 134 133 131 131 131 130 130 131 131 132 132 133 134 135 133 131 129 128 127 127 128 128 128 128 128 128 127 126 126 126 125 125 125 125 124 123 122 121 123 124 127 128 130 132 133 134 135 137 137 139 140 140 141 141 142 142 142 142 142 142 142 142 141 140 140 139 138 137
143 143 143 143 142 142 142 141 141 141 141 140 140 139 139 139 138 138 137 137 137 136 136 135 134 134 133 133 132 131 130 130 130 130 131 131 132 133 134 134 133 131 130 128 127 127 127 127 127 127 127 127 126 126 126 126 125 125 125 125 124 123 122 122 124 126 127 129 130 132 133 134 135 136 138 139 140 140 141 141 142 142 142 142 142 142 142 142 141 140 140 139 139 138
143 143 142 142 142 142 141 141 141 140 140 140 139 139 139 138 138 137 137 136 136 136 135 135 134 133 133 132 132 130 130 130 130 130 130 131 131 132 132 134 133 132 130 129 128 127 127 127 126 126 126 126 126 126 126 126 126 126 126 125 125 125 124 125 127 128 128 129 131 132 134 135 136 137 139 139 140 140 141 141 141 142 142 142 142 142 142 141 141 141 140 139 139 138
142 142 142 142 141 141 141 141 140 140 140 139 139 139 138 138 137 137 136 136 136 135 135 134 134 133 133 132 132 131 131 131 131 130 130 130 130 130 130 131 131 130 129 128 127 127 126 126 126 126 125 125 125 125 125 125 125 124 124 125 124 124 126 127 128 129 129 131 132 133 134 135 136 137 139 139 140 140 141 141 141 142 142 142 142 142 142 141 141 141 140 140 139 139
142 142 142 141 141 141 140 140 140 139 139 139 138 138 138 137 137 136 136 136 135 135 134 134 133 133 132 132 131 131 131 131 130 130 130 129 129 128 128 128 129 129 128 128 127 126 126 125 125 125 125 125 125 125 125 126 126 127 127 127 127 128 128 128 129 130 131 133 135 134 135 137 138 138 139 139 140 140 141 141 141 142 142 142 142 142 142 141 141 141 140 140 139 139
142 141 141 141 141 140 140 140 139 139 139 138 138 138 137 137 136 136 136 135 135 134 134 133 133 132 132 132 131 131 131 130 130 130 130 129 127 127 126 126 127 127 127 127 126 126 125 125 124 124 124 124 124 125 125 126 128 129 129 130 130 130 129 130 130 131 134 135 136 136 137 137 138 139 139 140 140 140 141 141 141 142 142 142 142 142 142 141 141 141 140 140 140 139
141 141 141 140 140 140 140 139 139 139 138 138 138 137 137 137 136 136 135 135 134 134 134 133 133 132 132 131 131 131 130 130 130 129 129 129 129 126 126 126 126 126 126 126 126 125 125 124 124 124 123 123 124 125 126 127 127 129 132 132 132 132 131 131 133 135 136 136 136 137 138 138 139 139 139 140 140 141 141 141 141 142 142 142 142 142 142 141 141 141 140 140 140 139
141 141 140 140 140 140 139 139 139 138 138 138 137 137 137 136 136 135 135 135 134 134 133 133 132 132 132 131 131 130 130 130 129 129 129 129 128 128 126 126 126 126 126 126 125 125 124 124 124 123 123 123 124 125 127 128 130 132 135 135 135 135 136 137 137 137 137 137 138 138 138 139 139 139 140 140 141 141 141 141 141 142 142 142 142 142 142 141 141 141 141 140 140 140
141 140 140 140 139 139 139 139 138 138 138 137 137 137 136 136 135 135 135 134 134 133 133 133 132 132 131 131 131 130 130 130 129 129 129 128 128 128 128 128 126 126 126 126 125 125 124 124 124 123 123 123 124 126 128 130 133 136 138 139 138 139 137 139 139 138 138 138 139 139 139 139 140 140 140 141 141 141 141 141 142 142 142 142 142 142 141 141 141 141 141 140 140 140
140 140 140 139 139 139 139 138 138 138 137 137 137 136 136 136 135 135 134 134 134 133 133 132 132 132 131 131 131 130 130 130 129 129 129 128 128 128 128 128 127 127 127 126 126 125 125 125 124 124 123 123 124 127 130 133 135 142 142 143 143 143 142 141 141 140 140 140 140 140 140 140 140 141 141 141 141 141 141 142 142 142 142 142 142 142 142 141 141 141 141 140 140 140
140 140 139 139 139 139 138 138 138 137 137 137 136 136 136 135 135 135 134 134 133 133 133 132 132 132 131 131 130 130 130 129 129 129 129 128 128 128 128 128 128 128 127 127 127 127 127 127 126 126 126 127 128 129 132 139 142 150 148 148 147 145 144 143 142 142 141 141 141 141 141 141 141 141 141 141 141 142 142 142 142 142 142 142 142 142 142 141 141 141 141 141 140 140
140 139 139 139 139 138 138 138 137 137 137 136 136 136 135 135 135 134 134 134 133 133 133 132 132 131 131 131 130 130 130 130 129 129 129 128 128 128 128 128 128 128 128 128 128 128 127 127 127 127 128 129 131 134 137 142 147 150 151 150 149 147 146 145 144 143 143 142 142 142 142 142 142 142 142 142 142 142 142 142 142 142 142 142 142 142 142 141 141 141 141 141 140 140
139 139 139 139 138 138 138 137 137 137 137 136 136 136 135 135 135 134 134 133 133 133 132 132 132 131 131 131 130 130 130 130 129 129 129 129 128 128 128 128 128 128 128 128 128 128 128 128 129 129 130 131 133 136 140 144 148 151 152 151 150 149 147 146 145 144 144 143 143 143 142 142 142 142 142 142 142 142 142 142 142 142 142 142 142 142 142 141 141 141 141 141 141 140
139 139 138 138 138 138 137 137 137 137 136 136 136 135 135 135 134 134 134 133 133 133 132 132 132 131 131 131 130 130 130 130 129 129 129 129 129 129 129 128 128 129 129 129 129 129 129 129 130 131 132 133 135 138 141 145 148 150 151 151 150 149 148 147 146 145 145 144 144 143 143 143 143 142 142 142 142 142 142 142 142 142 142 142 142 142 142 142 141 141 141 141 141 140
