MUSICEvapDataQueryTool/BOMEvapData/etapoct.txt
ncols         417
nrows         337
xllcorner     112.15
yllcorner     -43.8
cellsize      0.1
NODATA_value  -9999
[rows 210 to 251 of 337, columns 282 to 375 of 417]
122 122 122 123 123 123 123 123 123 123 123 122 123 123 123 123 123 122 122 121 121 121 120 120 120 120 119 119 119 119 119 119 119 119 120 120 120 120 121 121 121 122 122 122 122 123 123 123 123 123 124 124 125 125 125 126 126 126 127 128 128 128 129 129 130 130 131 131 131 131 132 132 132 131 131 131 130 129 129 128 128 128 128 128 128 126 126 126 127 127 128 129 130 131
122 122 122 122 123 123 123 123 123 123 123 122 123 123 123 123 123 123 122 121 121 121 121 120 120 120 119 119 119 119 119 119 119 119 119 120 120 120 121 121 121 121 122 122 122 122 122 123 123 123 124 124 124 124 125 125 126 126 127 127 128 128 129 129 130 130 131 131 132 132 132 132 132 132 132 131 131 130 130 129 129 129 129 129 128 126 125 127 127 127 128 129 130 131
122 122 122 122 122 123 123 123 123 123 123 122 123 123 123 123 123 123 122 122 122 121 121 121 120 120 120 119 119 119 119 119 119 119 119 120 120 120 120 121 121 121 121 122 122 122 122 122 123 123 123 124 124 124 124 125 125 126 126 127 128 128 129 129 130 130 131 131 132 132 133 133 133 133 133 132 132 131 131 130 130 130 129 129 129 128 127 127 128 129 128 129 130 132
122 122 122 122 122 122 123 123 123 123 123 123 123 123 123 123 123 123 123 122 122 121 121 121 120 120 120 119 119 119 118 119 119 119 119 120 120 120 120 121 121 121 121 121 122 122 122 122 123 123 123 124 124 124 124 124 125 126 126 127 127 128 129 129 130 130 131 132 132 133 133 134 134 134 134 133 133 132 131 131 130 130 130 130 129 129 128 128 128 130 130 130 130 131
121 121 122 122 122 122 122 123 123 122 123 123 123 123 123 123 123 123 123 123 122 122 121 121 121 120 120 120 119 119 118 119 119 119 119 119 120 120 120 120 121 121 121 121 121 122 122 122 122 123 123 123 124 124 124 124 125 126 126 126 127 128 129 129 130 131 131 132 132 133 134 134 135 135 135 134 134 133 132 131 131 131 131 130 130 129 129 129 130 131 130 130 131 130
121 121 121 121 122 122 122 122 122 122 122 123 123 124 124 124 124 123 123 123 122 122 122 121 121 121 120 120 119 119 119 119 119 119 119 119 120 120 120 120 121 121 121 121 121 122 122 122 123 123 123 123 124 124 124 125 125 125 126 126 127 128 129 129 130 131 131 132 133 133 134 135 135 136 136 135 134 133 132 132 131 131 131 131 130 130 131 132 132 132 132 131 130 130
121 121 121 121 121 122 122 122 122 122 123 124 124 124 124 124 124 124 123 123 122 122 122 122 121 121 121 120 120 119 119 119 119 119 119 120 120 120 120 120 120 120 121 121 121 122 122 122 122 123 123 123 123 124 124 125 125 125 126 126 127 128 128 129 130 131 131 132 133 133 134 135 136 136 137 136 135 134 133 132 131 130 130 130 130 131 131 132 133 132 131 131 131 131
120 120 121 121 121 121 121 121 121 122 122 123 124 124 124 124 124 124 123 123 123 123 122 122 122 121 121 120 120 120 120 119 119 119 119 120 120 120 120 120 120 120 121 121 121 121 122 122 122 123 123 123 123 123 124 124 125 125 126 126 127 127 128 129 130 130 131 132 133 133 134 135 136 136 136 136 135 134 133 131 130 129 129 129 129 130 131 132 133 135 136 136 134 133
120 120 120 120 121 121 121 121 121 121 122 123 124 124 124 124 124 124 124 123 123 123 123 122 122 121 121 121 120 120 120 120 120 120 120 120 120 120 120 120 120 120 121 121 121 121 122 122 122 123 123 123 123 123 124 125 125 125 126 126 127 128 128 129 130 130 131 132 133 133 134 135 135 136 136 136 135 134 132 131 130 128 128 128 128 129 131 133 135 137 138 138 137 138
119 120 120 120 120 120 120 120 121 121 122 122 123 123 124 124 124 124 124 124 124 123 123 123 122 122 121 121 121 120 120 120 120 120 120 120 120 120 120 120 120 120 121 121 121 121 122 122 122 122 123 123 123 123 124 125 125 125 126 126 127 127 128 129 129 130 131 132 132 133 134 134 135 135 135 135 135 133 132 130 129 127 127 127 127 129 130 132 134 136 137 138 139 139
119 119 119 119 119 120 120 120 120 121 121 122 122 123 123 123 124 124 124 124 124 124 123 123 122 122 122 121 121 120 120 120 120 120 120 120 120 120 120 120 120 120 121 121 121 121 122 122 122 122 123 123 123 123 124 124 125 125 126 126 126 127 128 129 129 130 131 131 132 133 133 134 134 135 135 135 134 133 132 130 128 126 125 126 127 128 129 130 133 134 137 138 138 140
119 119 119 119 119 119 119 120 120 121 121 121 122 122 123 123 123 124 124 124 124 124 123 123 123 122 122 121 121 121 120 120 120 120 120 120 120 120 120 120 120 120 121 121 121 121 121 122 122 122 123 123 123 124 124 124 124 125 126 126 126 127 128 128 129 130 130 131 132 132 132 133 134 134 134 134 134 133 132 129 128 126 125 125 126 126 128 129 132 134 137 139 139 138
118 118 118 118 118 119 119 119 120 120 121 121 121 122 122 123 123 123 124 124 124 124 123 123 123 122 122 121 121 121 121 120 120 120 120 120 120 120 120 120 120 120 121 121 121 121 121 122 122 122 123 123 123 123 124 124 125 125 126 126 126 127 128 128 128 129 130 131 131 132 132 132 133 134 134 134 134 133 132 130 128 127 126 126 126 126 126 128 131 133 135 137 138 137
117 118 118 118 118 118 119 119 119 120 120 120 121 121 122 122 122 123 123 124 124 124 123 123 122 122 122 121 121 121 121 120 120 120 120 120 120 120 120 120 120 120 121 121 121 121 121 122 122 122 123 123 123 123 124 124 125 125 126 126 126 127 128 128 129 129 130 130 130 131 131 132 133 133 134 134 134 134 133 130 129 127 126 126 125 125 125 127 130 130 131 136 138 137
117 117 117 117 117 118 118 118 119 119 119 120 120 121 121 121 122 122 123 123 123 123 123 123 122 122 122 121 121 121 121 120 120 120 120 120 120 120 120 120 120 120 121 121 121 121 121 122 122 122 122 122 123 123 124 124 125 125 125 126 126 127 128 128 129 129 129 129 130 130 131 131 132 133 133 134 135 135 134 129 129 128 127 126 124 125 125 127 129 130 131 131 135 135
116 116 116 116 117 117 117 118 118 118 119 119 120 120 120 121 121 122 122 122 122 122 122 122 122 122 122 121 121 121 121 120 120 120 120 120 120 120 120 120 120 120 121 121 121 121 121 122 122 122 122 122 123 123 124 124 125 125 125 126 126 127 127 128 129 129 129 129 130 130 131 131 131 132 133 134 135 135 135 129 129 128 127 125 123 125 125 126 127 127 130 132 131 132
115 115 116 116 116 116 117 117 117 118 118 119 119 119 120 120 120 121 121 122 122 122 122 122 122 122 121 121 121 121 121 120 120 120 120 120 120 120 120 120 120 120 120 121 121 121 121 122 122 122 122 122 123 123 123 124 125 125 125 126 126 127 128 128 128 129 129 129 130 130 130 131 131 132 133 134 135 135 135 131 129 128 126 125 123 124 124 124 127 126 127 127 128 128
114 115 115 115 115 116 116 116 117 117 117 118 118 119 119 119 120 120 121 121 121 121 121 121 121 121 121 121 121 121 121 121 120 120 120 120 120 120 120 120 120 120 120 121 121 121 121 121 122 122 122 122 123 123 124 124 125 125 125 126 126 127 127 128 128 129 129 129 129 129 130 131 131 132 133 133 134 135 134 130 128 126 126 124 123 123 123 123 126 127 126 127 128 128
113 114 114 114 114 115 115 116 116 116 117 117 117 118 118 119 119 119 120 120 120 121 121 121 121 121 121 121 121 121 121 121 120 120 120 120 120 120 120 120 120 120 120 121 121 121 121 121 122 122 122 123 123 123 124 124 124 125 125 126 126 127 127 128 128 128 129 129 129 129 130 130 131 131 133 133 134 134 134 132 128 126 125 124 123 122 122 123 124 126 126 127 128 127
112 113 113 113 114 114 114 115 115 116 116 116 117 117 118 118 118 119 119 120 120 120 120 121 121 121 121 121 121 121 121 121 120 120 120 120 120 120 120 120 120 120 120 121 121 121 121 121 122 122 122 123 123 123 124 124 124 125 125 126 126 126 127 127 128 128 129 129 129 129 129 130 131 131 132 133 134 134 134 132 130 127 126 125 122 122 122 122 124 124 125 125 124 124
111 112 112 112 113 113 114 114 115 115 115 116 116 116 117 117 118 118 119 119 119 120 120 120 120 121 121 121 121 121 121 121 120 120 120 120 120 120 120 120 120 120 120 120 121 121 121 121 122 122 122 122 123 123 124 124 124 125 125 125 126 126 127 127 127 127 128 128 128 128 129 129 130 131 132 132 133 134 133 131 129 128 129 127 124 122 122 122 123 123 124 124 124 123
110 110 111 111 112 112 113 113 114 114 114 115 115 116 116 116 117 117 118 118 119 119 120 120 120 120 120 121 121 121 121 120 120 120 120 120 120 120 120 120 120 120 120 120 121 121 121 121 121 122 122 122 123 123 123 124 124 125 124 125 126 126 126 126 126 127 127 127 127 128 128 129 129 130 131 132 133 133 133 132 133 132 132 129 125 122 122 122 122 122 123 123 123 122
109 109 110 111 111 112 112 113 113 114 114 114 114 115 115 116 116 117 117 118 118 119 119 120 120 120 120 121 121 121 121 120 120 120 120 120 120 120 120 120 120 120 120 120 120 121 121 121 121 121 122 122 122 123 123 123 124 125 125 125 126 126 126 125 126 126 126 126 127 127 127 128 129 129 130 131 132 133 134 134 133 130 133 131 126 124 122 122 122 122 122 122 122 121
108 108 109 110 110 111 112 112 113 113 113 113 114 114 114 115 115 116 117 117 118 119 119 120 120 120 120 120 121 121 121 120 120 120 120 120 120 120 120 120 120 120 120 120 120 121 121 121 121 121 122 122 122 123 123 123 124 124 125 125 125 126 125 125 125 125 125 126 126 126 126 127 128 128 130 131 132 132 133 134 135 135 136 135 130 126 124 123 122 121 121 121 121 121
107 107 108 109 110 110 111 112 112 113 113 113 113 113 113 114 115 115 116 117 118 118 119 119 120 120 120 121 121 121 120 121 120 120 120 120 120 120 120 120 120 120 120 120 120 120 121 121 121 121 121 122 122 122 123 123 124 124 124 125 125 125 125 125 125 125 125 125 124 125 125 126 127 128 129 130 131 132 133 133 134 135 135 132 130 127 125 122 121 120 120 120 119 119
106 106 107 108 109 110 111 111 112 112 112 112 112 112 113 113 114 115 116 116 117 118 119 119 120 120 120 121 121 121 120 121 120 120 120 120 120 120 120 120 120 120 120 120 120 120 120 121 121 121 121 121 122 122 123 123 123 124 124 125 125 125 125 125 124 124 124 123 123 124 124 125 126 127 128 129 130 131 132 130 132 134 134 133 130 125 123 122 121 120 119 119 118 118
105 105 106 107 108 109 110 111 112 112 112 112 112 112 112 112 113 114 115 116 117 118 119 119 120 120 121 121 121 121 121 121 121 120 120 120 120 120 120 120 120 120 120 120 120 120 120 120 121 121 121 121 121 122 122 123 123 124 124 125 126 125 125 125 124 124 123 123 122 122 123 124 125 126 127 128 129 130 131 129 129 131 132 132 128 125 124 124 121 120 119 118 118 117
104 104 106 107 108 109 110 111 111 112 112 111 111 111 111 111 112 113 115 116 117 118 119 120 120 120 121 121 121 121 121 121 121 120 120 120 120 120 120 120 120 120 120 120 120 120 120 120 120 120 121 121 121 121 122 122 123 124 125 126 126 126 125 125 124 123 123 122 121 122 123 124 124 125 126 127 127 130 130 129 129 129 130 129 129 127 125 123 122 120 119 118 117 117
103 104 105 106 107 109 110 111 111 112 111 111 110 110 110 110 111 113 115 116 117 118 119 120 120 121 121 121 121 121 121 121 121 120 120 120 120 120 120 120 120 120 120 120 120 120 120 120 120 120 120 121 121 121 121 122 123 124 125 126 127 126 126 125 125 124 123 122 121 122 122 123 124 124 125 126 126 127 127 126 125 127 126 127 127 124 124 122 121 120 119 118 117 116
102 103 104 106 107 108 109 110 111 111 111 111 110 110 109 108 111 114 115 116 118 119 120 120 121 121 121 121 121 121 121 121 121 120 120 120 120 120 120 120 120 120 120 120 120 120 120 120 120 120 120 120 120 120 121 121 122 124 126 127 127 127 126 125 125 124 123 122 122 122 123 123 123 124 124 124 124 124 124 123 123 123 124 125 125 123 123 122 120 119 118 117 116 116
101 101 102 105 106 108 109 109 110 111 111 110 110 110 110 110 113 114 116 117 118 119 120 121 121 122 122 122 121 121 121 121 120 120 120 120 120 120 120 120 120 120 120 120 120 120 120 120 120 120 120 120 120 120 120 120 121 123 127 128 127 127 126 125 125 124 124 123 123 123 123 123 123 124 124 123 122 121 120 119 121 122 123 124 124 122 123 122 120 118 117 117 116 116
101 101 100 103 105 107 108 109 110 110 110 110 110 110 110 111 113 115 116 117 118 119 121 121 122 122 122 122 122 121 121 121 120 120 120 120 120 120 120 120 120 120 120 120 120 120 120 120 120 120 120 120 120 120 119 119 119 121 126 127 127 127 126 126 125 125 124 124 124 124 124 124 124 123 123 123 122 120 119 118 120 121 122 123 123 122 122 121 120 118 117 116 116 115
102 102 102 103 105 107 108 109 109 110 110 110 110 111 111 112 113 115 116 117 119 120 121 122 123 123 122 122 122 121 121 120 120 120 120 120 120 120 120 120 120 120 120 120 120 120 120 120 120 120 120 120 120 120 119 119 119 121 124 126 126 126 126 126 125 125 125 124 124 124 124 124 124 124 123 123 121 120 119 119 121 122 123 123 123 122 122 121 119 118 117 116 116 115
103 103 103 104 105 107 108 109 109 110 110 110 111 111 112 112 114 115 116 117 119 120 121 123 123 123 123 122 122 121 121 120 120 120 120 120 120 120 120 120 120 120 120 120 120 120 120 120 120 120 120 120 120 120 120 120 120 121 123 125 126 126 126 126 126 126 125 125 125 125 125 125 124 124 123 123 122 122 122 123 125 124 124 123 122 121 121 121 119 118 117 116 116 116
105 105 105 105 106 107 108 109 109 110 110 110 111 111 112 113 114 115 116 117 118 120 121 123 124 123 123 122 121 121 120 120 120 119 119 120 120 120 120 120 120 120 120 120 120 120 120 120 120 120 120 120 120 120 120 121 121 122 123 124 125 126 126 126 126 126 126 125 125 125 125 125 125 125 124 124 123 124 125 126 127 126 125 123 123 121 121 120 119 118 117 117 117 117
107 107 107 107 107 108 109 109 110 110 110 111 111 112 112 113 113 114 115 117 118 119 121 122 123 123 122 122 121 121 120 120 119 119 119 119 120 120 120 120 120 120 120 120 120 121 121 121 121 121 121 121 121 121 121 121 122 123 124 125 125 126 126 126 126 126 126 126 126 126 126 126 126 125 125 125 125 125 126 127 127 125 125 123 122 121 120 120 119 119 118 118 118 118
109 108 108 108 109 109 109 110 110 111 111 111 111 112 112 113 113 114 115 116 118 119 120 121 122 122 122 121 121 120 120 119 119 119 119 119 119 120 120 120 120 120 121 121 121 121 121 121 121 121 121 121 121 122 122 122 123 123 124 125 125 126 126 126 126 126 126 126 126 126 126 126 126 126 126 126 127 127 127 126 127 125 124 123 122 121 120 119 119 118 118 118 117 117
110 110 109 109 110 110 110 111 111 111 111 112 112 112 112 112 113 114 115 116 117 118 119 120 121 121 121 121 120 120 119 119 119 119 119 119 119 120 120 120 120 121 121 121 121 121 121 121 122 122 122 122 122 122 122 123 123 124 124 125 126 126 126 127 127 127 127 127 127 127 126 127 127 127 127 127 128 128 128 127 125 125 124 122 121 120 120 119 118 117 117 116 117 116
111 110 110 110 111 111 111 111 112 112 112 112 112 112 112 112 113 113 114 115 116 117 118 119 120 120 120 120 120 119 119 119 119 119 119 119 119 120 120 120 121 121 121 121 121 122 122 122 122 122 122 122 123 123 123 123 124 124 125 125 126 126 127 127 127 127 127 127 127 127 127 127 127 127 127 128 130 130 129 127 124 122 122 121 120 119 119 118 118 117 117 116 116 115
111 111 111 111 112 112 112 112 112 112 112 113 112 112 112 112 112 113 114 115 116 117 118 119 119 119 120 119 119 119 118 118 118 118 119 119 119 120 120 120 121 121 121 122 122 122 122 122 122 123 123 123 123 123 124 124 124 125 125 126 126 127 127 127 127 127 127 127 127 127 127 127 127 127 127 128 129 130 128 125 123 121 121 119 119 118 118 117 117 117 116 116 115 115
112 112 112 112 113 113 113 113 113 113 113 113 113 113 113 113 113 113 114 115 116 116 117 118 119 119 119 119 119 118 118 118 118 118 119 119 119 120 120 121 121 121 122 122 122 122 123 123 123 123 123 123 124 124 124 124 125 125 126 126 127 127 127 128 128 128 127 127 127 127 127 127 127 127 127 127 128 127 126 124 121 120 119 118 118 117 117 117 116 116 116 115 115 114
113 113 113 114 114 114 114 114 114 114 114 114 114 113 113 113 113 113 114 115 115 116 117 118 118 119 119 119 119 118 118 117 117 118 119 119 120 120 120 121 121 121 122 122 122 123 123 123 123 124 124 124 124 124 125 125 125 126 126 127 127 127 128 128 128 128 128 128 127 127 127 127 127 126 127 126 126 125 124 122 121 119 118 117 117 115 115 116 116 115 115 115 114 114
