MUSICEvapDataQueryTool/BOMEvapData/etapjun.txt
ncols         417
nrows         337
xllcorner     112.15
yllcorner     -43.8
cellsize      0.1
NODATA_value  -9999
[rows 55 to 109 of 337, columns 96 to 191 of 417]
101 101 101 102 102 102 102 102 103 103 103 103 104 104 104 104 105 105 105 105 106 106 106 106 107 107 107 108 108 108 109 109 109 109 109 110 110 110 110 110 110 110 110 110 109 109 109 110 110 110 110 110 110 110 110 110 110 110 110 110 110 110 110 110 111 111 112 112 113 113 113 112 112 112 111 111 111 110 110 110 109 109 108 108 108 108 108 108 107 107 107 107 106 106 106 105
100 100 101 101 101 101 101 102 102 102 102 102 103 103 103 103 104 104 104 104 105 105 105 105 106 106 106 107 107 107 108 108 108 109 109 109 109 109 109 109 110 109 109 109 109 109 109 109 109 109 109 109 109 109 109 109 109 109 109 109 109 109 110 110 110 110 111 111 111 112 112 111 111 111 110 110 110 109 109 109 108 108 107 107 107 107 107 107 107 107 106 106 106 105 105 105
99 100 100 100 100 100 101 101 101 101 101 102 102 102 102 103 103 103 103 104 104 104 104 105 105 105 105 106 106 106 107 107 107 108 108 108 109 109 109 109 109 109 109 109 109 109 109 108 109 108 109 108 108 108 108 109 108 109 109 109 109 109 109 109 109 109 110 110 110 110 110 110 110 110 109 109 109 108 108 108 107 107 107 107 107 106 106 106 106 106 106 105 105 105 104 104
99 99 99 99 99 99 100 100 100 100 101 101 101 101 101 102 102 102 102 103 103 103 103 104 104 104 105 105 105 106 106 106 107 107 107 108 108 108 108 108 108 108 108 108 108 108 108 108 108 108 108 108 108 108 108 108 108 108 108 108 108 108 108 108 108 109 109 109 109 109 109 109 109 109 108 108 108 107 107 107 106 106 106 106 106 106 105 105 105 105 105 105 104 104 104 103
98 98 98 98 98 99 99 99 99 99 100 100 100 100 101 101 101 102 102 102 102 102 103 103 103 103 104 104 105 105 105 106 106 106 106 107 107 107 108 108 108 108 108 108 108 108 108 108 107 107 107 107 107 107 107 107 107 107 107 107 107 107 107 107 107 107 108 108 108 108 108 108 108 108 107 107 107 106 106 106 106 105 105 105 105 105 105 104 104 104 104 104 104 103 103 102
97 97 97 97 98 98 98 98 98 99 99 99 99 99 100 100 100 101 101 101 101 102 102 102 102 102 103 103 104 104 105 105 105 105 106 106 106 107 107 107 107 108 108 107 107 107 107 107 107 107 107 106 106 106 106 106 106 106 106 106 106 106 106 106 106 107 107 107 107 107 107 107 107 106 106 106 106 105 105 105 105 105 104 104 104 104 104 104 104 104 103 103 103 103 102 102
96 96 96 97 97 97 97 97 98 98 98 98 98 99 99 99 99 99 100 100 101 101 101 101 101 102 102 102 102 103 104 104 104 105 105 105 106 106 106 107 107 107 107 107 107 107 107 106 106 106 106 106 106 106 106 106 105 105 105 105 105 105 105 105 105 106 106 106 106 106 106 106 105 105 105 105 105 104 104 104 104 104 104 103 103 103 103 103 103 103 103 102 102 102 102 101
95 95 96 96 96 96 96 96 97 97 97 97 98 98 98 98 98 99 99 99 100 100 100 101 101 101 101 102 102 102 103 103 104 104 104 105 105 106 106 106 106 107 107 106 106 106 106 106 106 105 105 105 105 105 105 105 105 105 105 104 105 104 104 105 104 105 105 105 104 104 104 104 104 104 104 104 103 103 103 103 103 103 103 102 102 102 102 102 102 102 102 102 102 101 101 100
94 95 95 95 95 95 95 96 96 96 96 97 97 97 97 97 97 98 98 98 99 99 99 100 100 100 100 101 101 102 102 102 103 103 104 104 104 105 105 106 106 106 106 106 106 106 105 105 105 105 105 104 104 104 104 104 104 104 104 104 104 103 103 103 104 104 103 103 103 103 103 103 103 103 103 103 102 102 102 102 102 102 102 101 101 101 101 101 101 101 101 101 101 100 100 100
94 94 94 94 94 94 95 95 95 95 95 96 96 96 96 96 97 97 97 98 98 98 98 98 99 99 100 100 100 101 101 101 102 102 103 103 104 104 105 105 105 106 106 105 105 105 105 104 104 104 104 104 103 103 103 103 103 103 103 103 103 102 102 102 102 102 102 102 102 102 102 102 102 102 102 101 101 101 101 101 101 101 101 100 100 100 100 100 100 100 100 100 100 99 99 99
93 93 93 93 93 94 94 94 94 94 95 95 95 95 95 95 96 96 96 96 97 97 97 97 98 98 99 99 99 100 100 101 101 101 102 102 103 103 104 104 105 105 105 105 104 104 104 104 103 103 103 103 103 102 102 102 102 102 102 102 102 102 102 101 101 101 101 101 101 101 101 101 101 101 100 100 100 100 100 100 100 100 100 99 99 99 99 99 99 99 99 99 99 98 98 98
92 92 92 93 93 93 93 93 93 94 94 94 94 94 94 94 95 95 95 95 96 96 96 97 97 97 98 98 98 99 99 100 100 100 101 101 102 102 103 103 104 104 104 104 104 103 103 103 102 102 102 102 102 102 101 101 101 101 101 101 101 101 101 100 100 100 100 100 100 100 100 100 100 99 99 99 99 99 99 99 99 99 98 98 98 98 98 98 98 98 98 98 98 98 97 97
91 91 91 92 92 92 92 92 92 93 93 93 93 93 94 94 94 94 94 94 95 95 95 96 96 96 97 97 97 98 98 99 99 100 100 100 101 101 102 102 103 103 103 103 103 102 102 102 102 101 101 101 101 101 100 100 100 100 100 100 100 100 99 99 99 99 99 99 99 99 99 98 98 98 98 98 98 98 98 98 97 97 97 97 97 97 97 97 97 97 97 97 97 97 96 96
90 90 91 91 91 91 91 92 92 92 92 92 92 92 93 93 93 93 93 94 94 94 94 95 95 95 96 96 96 97 97 97 98 99 99 100 100 100 101 101 101 101 101 101 101 101 101 101 101 100 100 100 100 100 100 99 99 99 99 99 99 99 98 98 98 98 98 98 98 98 97 97 97 97 97 97 97 97 96 96 96 96 96 96 96 96 96 96 96 96 96 96 96 96 95 95
89 90 90 90 90 90 91 91 91 91 91 91 91 92 92 92 92 92 92 93 93 93 93 94 94 94 95 95 95 96 96 96 97 97 98 99 99 99 99 100 100 100 100 100 100 100 100 100 100 99 99 99 99 99 99 98 98 98 98 98 98 98 97 97 97 97 97 97 97 96 96 96 96 96 96 96 95 95 95 95 95 95 95 95 95 95 95 95 95 95 95 95 95 95 95 94
89 89 89 89 89 90 90 90 90 90 90 90 91 91 91 91 91 91 91 92 92 92 92 93 93 93 93 94 94 94 95 95 96 96 97 97 98 98 98 99 99 99 99 99 99 99 99 99 98 98 98 98 98 98 97 97 97 97 97 97 97 96 96 96 96 96 96 95 95 95 95 95 95 95 94 94 94 94 94 94 94 94 94 94 94 94 94 94 94 94 94 94 94 94 94 93
88 88 88 88 89 89 89 89 89 89 89 90 90 90 90 90 90 90 90 91 91 91 91 91 92 92 92 93 93 93 94 94 95 95 96 96 97 97 97 98 98 98 98 98 98 98 98 98 97 97 97 97 97 97 97 96 96 96 96 96 95 95 95 95 95 95 95 94 94 94 94 94 93 93 93 93 93 93 93 93 93 93 92 92 92 92 92 92 93 93 93 93 93 93 93 92
87 87 87 87 88 88 88 88 88 88 89 89 89 89 89 89 89 89 89 90 90 90 90 90 91 91 91 92 92 92 93 93 94 94 94 95 95 96 96 96 97 96 96 97 97 97 97 96 96 96 96 96 96 96 96 95 95 95 95 94 94 94 94 94 94 93 93 93 93 93 92 92 92 92 92 92 92 92 92 91 91 91 91 91 91 91 91 91 91 91 91 92 92 92 92 91
86 86 86 87 87 87 87 87 87 88 88 88 88 88 88 88 88 88 89 89 89 89 89 89 90 90 90 91 91 91 92 92 92 93 93 94 94 94 95 95 95 95 95 95 95 96 95 95 95 95 95 95 95 94 94 94 94 94 94 93 93 93 93 93 92 92 92 92 92 91 91 91 91 91 91 91 91 90 90 90 90 90 90 90 90 90 90 90 90 90 90 90 90 91 90 90
85 85 86 86 86 86 86 86 87 87 87 87 87 87 87 87 87 87 88 88 88 88 88 88 89 89 89 90 90 90 91 91 91 92 92 93 93 93 93 93 94 94 94 94 94 94 94 94 94 94 94 94 94 93 93 93 93 93 93 92 92 92 92 91 91 91 91 91 90 90 90 90 90 90 90 89 89 89 89 89 89 89 89 88 88 88 88 88 89 89 89 89 89 89 89 89
85 85 85 85 85 85 85 86 86 86 86 86 86 86 86 86 86 87 87 87 87 87 87 87 88 88 88 88 89 89 90 90 90 91 91 91 92 92 92 92 92 93 93 93 93 93 93 93 93 93 93 93 92 92 92 92 92 92 91 91 91 91 91 90 90 90 90 89 89 89 89 89 89 88 88 88 88 88 88 88 87 87 87 87 87 87 87 87 87 87 87 87 87 87 87 87
84 84 84 84 84 84 85 85 85 85 85 85 85 85 85 85 86 86 86 86 86 86 86 86 86 87 87 87 88 88 89 89 89 90 90 90 91 91 91 91 91 91 92 92 92 92 92 92 92 92 91 91 91 91 91 91 91 91 90 90 90 90 89 89 89 89 88 88 88 88 88 88 87 87 87 87 87 86 86 86 86 86 86 86 86 86 86 86 86 86 86 86 86 86 86 86
83 83 83 83 83 83 84 84 84 84 84 84 84 84 85 85 85 85 85 85 85 85 85 85 85 86 86 86 87 87 88 88 88 89 89 89 89 90 90 90 90 90 90 90 90 90 90 90 90 90 90 90 90 90 90 90 90 89 89 89 89 89 88 88 88 88 87 87 87 87 87 86 86 86 86 86 85 85 85 85 85 85 84 84 84 84 84 84 84 84 84 84 84 84 84 84
82 82 82 82 83 83 83 83 83 83 83 83 84 84 84 84 84 84 84 84 84 84 84 84 84 85 85 85 86 86 87 87 87 88 88 88 88 89 89 89 89 89 89 89 89 89 89 89 89 89 89 89 89 89 89 89 88 88 88 88 88 87 87 87 87 86 86 86 86 85 85 85 85 85 84 84 84 84 84 83 83 83 83 83 83 83 83 83 83 83 83 83 83 83 83 83
81 81 82 82 82 82 82 82 82 82 83 83 83 83 83 83 83 83 83 83 83 83 83 83 84 84 84 84 85 85 86 86 86 87 87 87 87 87 88 88 88 88 88 88 88 88 88 88 88 88 88 88 88 88 88 87 87 87 87 87 87 86 86 86 85 85 85 85 84 84 84 84 84 83 83 83 83 82 82 82 82 82 82 82 81 81 81 81 81 81 81 81 81 81 82 82
81 81 81 81 81 81 81 81 82 82 82 82 82 82 82 82 82 82 82 82 82 82 83 83 83 83 83 84 84 84 85 85 85 85 86 86 86 86 86 87 87 87 87 87 87 87 87 87 87 87 87 87 87 87 86 86 86 86 86 86 85 85 85 85 84 84 84 84 83 83 83 83 82 82 82 82 81 81 81 81 81 80 80 80 80 80 80 79 79 79 80 80 80 80 80 80
80 80 80 80 80 80 81 81 81 81 81 81 81 81 81 81 81 81 82 82 82 82 82 82 82 82 83 83 83 83 84 84 84 84 85 85 85 85 85 86 86 86 86 86 86 86 86 86 86 86 86 86 86 85 85 85 85 85 85 84 84 84 84 83 83 83 83 82 82 82 82 81 81 81 80 80 80 80 80 79 79 79 79 79 79 78 78 78 78 78 78 78 79 79 79 79
79 79 79 79 80 80 80 80 80 80 80 80 80 81 81 81 81 81 81 81 81 81 81 81 81 82 82 82 82 82 83 83 83 83 84 84 84 84 84 85 85 85 85 85 85 85 85 85 85 85 85 85 85 84 84 84 84 84 84 83 83 83 82 82 82 82 81 81 81 81 80 80 80 79 79 79 79 78 78 78 78 78 78 77 77 77 77 77 77 77 77 77 77 77 78 78
78 78 79 79 79 79 79 79 79 79 79 80 80 80 80 80 80 80 80 80 80 80 80 80 81 81 81 81 81 82 82 82 82 83 83 83 83 83 83 84 84 84 84 84 84 84 84 84 84 84 84 83 83 83 83 83 83 83 82 82 82 82 81 81 81 80 80 80 80 79 79 79 78 78 78 78 77 77 77 77 77 76 76 76 76 76 76 75 75 75 76 76 76 76 76 76
78 78 78 78 78 78 78 78 79 79 79 79 79 79 79 79 79 79 79 79 79 79 80 80 80 80 80 80 81 81 81 81 82 82 82 82 82 82 82 82 83 83 83 83 83 83 83 83 83 83 82 82 82 82 82 82 82 82 81 81 81 81 80 80 80 79 79 79 78 78 78 78 77 77 77 76 76 76 76 75 75 75 75 75 75 74 74 74 74 74 74 74 75 75 75 75
77 77 77 77 77 77 78 78 78 78 78 78 78 78 78 78 78 78 78 79 79 79 79 79 79 79 79 80 80 80 80 80 81 81 81 81 81 81 81 82 82 82 82 82 82 82 82 82 82 82 81 81 81 81 81 81 81 80 80 80 80 79 79 79 78 78 78 78 77 77 77 76 76 76 75 75 75 75 74 74 74 74 74 73 73 73 73 73 73 73 73 73 73 74 74 74
76 76 76 76 77 77 77 77 77 77 77 77 77 77 78 78 78 78 78 78 78 78 78 78 78 79 79 79 79 79 79 79 80 80 80 80 80 80 81 81 81 81 81 81 81 81 81 81 81 81 80 80 80 80 80 80 80 79 79 79 79 78 78 78 77 77 77 76 76 76 75 75 75 74 74 74 74 73 73 73 73 72 72 72 72 72 72 72 72 72 72 72 72 72 73 73
75 75 76 76 76 76 76 76 76 76 76 76 77 77 77 77 77 77 77 77 77 77 77 78 78 78 78 78 78 78 79 79 79 79 79 79 79 79 79 80 80 80 80 80 80 80 80 80 80 79 79 79 79 79 79 79 78 78 78 78 77 77 77 76 76 76 76 75 75 75 74 74 74 73 73 73 72 72 72 71 71 71 71 71 71 71 71 71 71 71 71 71 71 71 71 72
75 75 75 75 75 75 75 75 75 76 76 76 76 76 76 76 76 76 76 76 76 77 77 77 77 77 77 77 77 78 78 78 78 78 78 78 78 79 79 79 79 79 79 79 79 79 79 79 79 79 78 78 78 78 78 78 77 77 77 77 76 76 76 75 75 75 74 74 74 73 73 73 72 72 72 71 71 71 70 70 70 70 70 69 69 69 69 69 69 69 70 70 70 70 70 70
74 74 74 74 74 74 74 75 75 75 75 75 75 75 75 75 75 75 76 76 76 76 76 76 76 76 76 77 77 77 77 77 77 77 77 78 78 78 78 78 78 78 78 78 78 78 78 78 78 78 77 77 77 77 77 77 76 76 76 76 75 75 75 74 74 74 73 73 73 72 72 72 71 71 70 70 70 70 69 69 69 69 68 68 68 68 68 68 68 68 68 69 69 69 69 69
73 73 73 73 74 74 74 74 74 74 74 74 74 74 74 75 75 75 75 75 75 75 75 75 75 76 76 76 76 76 76 76 76 76 77 77 77 77 77 77 77 77 77 77 77 77 77 77 77 77 76 76 76 76 76 76 75 75 75 74 74 74 74 73 73 73 72 72 72 71 71 71 70 70 69 69 69 68 68 68 68 67 67 67 67 67 67 67 67 67 67 67 68 68 68 68
72 72 73 73 73 73 73 73 73 73 73 73 74 74 74 74 74 74 74 74 74 74 74 75 75 75 75 75 75 75 75 75 76 76 76 76 76 76 76 76 76 76 76 76 76 76 76 76 76 76 75 75 75 75 75 75 74 74 74 73 73 73 72 72 72 71 71 71 70 70 70 69 69 69 68 68 67 67 67 66 66 66 66 66 66 66 66 66 66 66 66 66 67 67 67 67
72 72 72 72 72 72 72 72 72 73 73 73 73 73 73 73 73 73 73 73 73 74 74 74 74 74 74 74 74 74 75 75 75 75 75 75 75 75 75 75 75 75 75 75 75 75 75 75 75 75 74 74 74 74 74 74 73 73 73 72 72 72 72 71 71 70 70 70 69 69 69 68 68 67 67 67 66 66 65 65 65 65 65 64 64 64 64 65 65 65 65 65 65 66 66 66
71 71 71 71 71 71 72 72 72 72 72 72 72 72 72 72 72 73 73 73 73 73 73 73 73 73 73 73 74 74 74 74 74 74 74 74 74 74 74 74 74 74 74 74 74 74 74 74 74 74 74 73 73 73 73 73 72 72 72 71 71 71 70 70 70 69 69 69 68 68 67 67 67 66 66 65 65 65 64 64 64 63 63 63 63 63 63 63 64 64 64 64 64 65 65 65
70 70 70 71 71 71 71 71 71 71 71 71 72 72 72 72 72 72 72 72 72 72 72 72 73 73 73 73 73 73 73 73 73 73 73 73 73 73 73 73 73 73 73 73 73 73 73 73 73 73 73 72 72 72 72 72 71 71 71 70 70 70 70 69 69 68 68 68 67 67 66 66 66 65 65 64 64 63 63 63 62 62 62 62 62 62 62 62 62 63 63 63 63 64 64 64
69 70 70 70 70 70 70 70 70 71 71 71 71 71 71 71 71 71 71 71 71 72 72 72 72 72 72 72 72 72 72 72 72 72 72 72 72 72 72 72 72 72 72 72 72 72 72 72 72 72 72 72 71 71 71 71 70 70 70 70 69 69 69 68 68 68 67 67 66 66 65 65 65 64 64 63 63 62 62 61 61 61 61 61 61 61 61 61 61 62 62 62 63 63 63 63
69 69 69 69 69 69 69 70 70 70 70 70 70 70 70 70 70 71 71 71 71 71 71 71 71 71 71 71 71 71 71 71 72 72 72 72 72 72 72 72 72 72 72 72 71 71 71 71 71 71 71 71 70 70 70 70 69 69 69 69 68 68 68 67 67 67 66 66 65 65 65 64 64 63 63 62 62 61 61 60 60 60 59 59 59 59 60 60 60 61 61 61 62 62 62 63
68 68 68 68 69 69 69 69 69 69 69 69 69 69 70 70 70 70 70 70 70 70 70 70 70 71 71 71 71 71 71 71 71 71 71 71 71 71 71 71 71 71 71 71 71 71 70 70 70 70 70 70 70 69 69 69 69 68 68 68 68 67 67 67 66 66 65 65 65 64 64 63 63 62 62 61 61 60 60 59 59 58 58 58 58 58 59 59 59 60 60 61 61 61 61 62
67 68 68 68 68 68 68 68 68 68 69 69 69 69 69 69 69 69 69 69 69 70 70 70 70 70 70 70 70 70 70 70 70 70 70 70 70 70 70 70 70 70 70 70 70 70 70 70 69 69 69 69 69 68 68 68 68 67 67 67 67 66 66 66 65 65 65 64 64 63 63 62 62 61 61 60 60 59 59 58 58 57 57 57 57 57 58 58 59 59 59 60 60 60 61 61
67 67 67 67 67 67 68 68 68 68 68 68 68 68 68 68 69 69 69 69 69 69 69 69 69 69 69 69 69 69 69 69 69 69 69 69 69 69 69 69 69 69 69 69 69 69 69 69 69 68 68 68 68 68 67 67 67 67 66 66 66 66 65 65 64 64 64 63 63 62 62 62 61 61 60 59 59 58 58 57 57 56 56 56 56 56 57 57 58 58 59 59 59 60 60 60
66 66 66 67 67 67 67 67 67 67 67 67 68 68 68 68 68 68 68 68 68 68 68 68 68 68 69 69 69 69 69 69 69 69 69 69 69 69 69 69 69 69 68 68 68 68 68 68 68 68 67 67 67 67 67 66 66 66 66 65 65 65 64 64 64 63 63 62 62 62 61 61 60 60 59 59 58 58 57 56 56 55 54 55 55 56 56 57 57 58 58 58 59 59 59 60
65 66 66 66 66 66 66 66 66 67 67 67 67 67 67 67 67 67 67 67 68 68 68 68 68 68 68 68 68 68 68 68 68 68 68 68 68 68 68 68 68 68 68 68 67 67 67 67 67 67 67 67 66 66 66 66 65 65 65 65 64 64 64 63 63 63 62 62 61 61 60 60 60 59 58 58 57 57 56 56 55 55 54 54 55 55 56 56 56 57 57 58 58 58 59 59
65 65 65 65 65 66 66 66 66 66 66 66 66 66 66 67 67 67 67 67 67 67 67 67 67 67 67 67 67 67 67 67 67 67 67 67 67 67 67 67 67 67 67 67 67 67 67 66 66 66 66 66 66 65 65 65 65 64 64 64 64 63 63 63 62 62 61 61 61 60 60 59 59 58 58 57 57 56 56 55 55 54 54 54 54 55 55 56 56 56 57 57 57 58 58 59
64 64 64 65 65 65 65 65 65 65 65 66 66 66 66 66 66 66 66 66 66 66 66 66 66 67 67 67 67 67 67 67 67 67 67 67 67 67 66 66 66 66 66 66 66 66 66 66 66 65 65 65 65 65 64 64 64 64 63 63 63 62 62 62 62 61 61 60 60 60 59 59 58 58 57 57 56 56 55 55 54 54 54 54 54 55 55 55 56 56 56 57 57 57 58 58
63 64 64 64 64 64 64 64 65 65 65 65 65 65 65 65 65 65 66 66 66 66 66 66 66 66 66 66 66 66 66 66 66 66 66 66 66 66 66 66 66 66 66 65 65 65 65 65 65 65 65 64 64 64 64 63 63 63 63 62 62 62 61 61 61 60 60 60 59 59 58 58 58 57 57 56 56 55 55 55 54 54 54 54 54 54 55 55 55 56 56 56 57 57 57 58
63 63 63 63 64 64 64 64 64 64 64 64 64 65 65 65 65 65 65 65 65 65 65 65 65 65 65 65 65 65 65 65 65 65 65 65 65 65 65 65 65 65 65 65 65 65 64 64 64 64 64 64 64 63 63 63 63 62 62 62 61 61 61 61 60 60 60 59 59 58 58 58 57 57 56 56 55 55 55 54 54 54 54 54 54 54 54 55 55 55 56 56 56 57 57 57
62 62 63 63 63 63 63 63 63 64 64 64 64 64 64 64 64 64 64 64 64 64 64 65 65 65 65 65 65 65 65 65 65 65 65 65 65 65 64 64 64 64 64 64 64 64 64 64 63 63 63 63 63 63 62 62 62 62 61 61 61 61 60 60 60 59 59 59 58 58 57 57 57 56 56 55 55 55 54 54 54 54 54 54 54 54 54 54 55 55 55 56 56 56 56 57
62 62 62 62 62 63 63 63 63 63 63 63 63 63 63 63 63 64 64 64 64 64 64 64 64 64 64 64 64 64 64 64 64 64 64 64 64 64 64 64 64 64 64 63 63 63 63 63 63 63 63 62 62 62 62 62 61 61 61 61 60 60 60 59 59 59 58 58 58 57 57 57 56 56 56 55 55 55 54 54 54 54 54 54 54 54 54 54 54 55 55 55 56 56 56 56
61 61 61 62 62 62 62 62 62 62 63 63 63 63 63 63 63 63 63 63 63 63 63 63 63 63 63 63 63 63 63 63 63 63 63 63 63 63 63 63 63 63 63 63 63 63 62 62 62 62 62 62 62 61 61 61 61 60 60 60 60 59 59 59 59 58 58 58 57 57 56 56 56 55 55 55 55 54 54 54 54 54 53 53 54 54 54 54 54 54 55 55 55 56 56 56
60 61 61 61 61 61 62 62 62 62 62 62 62 62 62 62 62 62 62 63 63 63 63 63 63 63 63 63 63 63 63 63 63 63 63 63 63 63 63 63 62 62 62 62 62 62 62 62 62 62 61 61 61 61 61 60 60 60 60 59 59 59 59 58 58 58 57 57 57 56 56 56 55 55 55 55 54 54 54 54 54 53 53 53 53 54 54 54 54 54 55 55 55 55 56 56
