MUSICEvapDataQueryTool/BOMEvapData/etapaug.txt
ncols         417
nrows         337
xllcorner     112.15
yllcorner     -43.8
cellsize      0.1
NODATA_value  -9999
[rows 110 to 164 of 337, columns 288 to 383 of 417]
79 80 80 80 81 81 81 82 82 82 82 82 82 82 82 83 83 83 83 83 83 83 83 83 83 84 84 84 85 85 86 86 87 87 88 88 89 89 90 90 91 91 92 92 93 93 94 94 95 95 96 96 97 97 98 98 99 99 100 100 101 101 102 102 102 103 103 104 104 105 105 106 107 107 108 108 109 110 111 111 112 113 113 114 115 115 116 117 117 118 118 119 119 120 120 120
79 79 79 80 80 80 81 81 81 81 82 82 82 82 82 82 82 82 82 82 82 82 82 83 83 83 84 84 84 85 85 86 86 86 87 87 88 89 89 90 90 91 91 92 92 93 93 94 94 95 95 96 96 97 97 98 98 99 99 100 100 100 101 101 102 102 102 103 103 104 104 105 105 106 107 107 108 109 110 110 111 112 112 113 114 115 115 116 116 117 118 118 118 119 119 120
78 79 79 79 80 80 80 80 80 81 81 81 81 81 81 81 81 81 81 81 82 82 82 82 82 83 83 83 84 84 85 85 85 86 86 87 87 88 88 89 89 90 91 91 92 92 92 93 94 94 94 95 95 96 96 97 97 98 98 99 99 100 100 100 101 101 102 102 102 103 103 104 104 105 106 106 107 108 109 109 110 111 112 112 113 114 114 115 116 116 117 117 118 118 119 119
78 78 78 79 79 79 79 80 80 80 80 80 80 81 81 81 81 81 81 81 81 81 81 82 82 82 82 83 83 84 84 84 85 85 86 86 87 87 88 88 89 89 90 90 91 91 92 92 93 93 94 94 95 95 96 96 97 97 98 98 98 99 99 100 100 100 101 101 101 102 102 103 103 104 105 106 106 107 108 108 109 110 111 111 112 113 114 114 115 116 116 117 117 118 118 118
77 78 78 78 78 79 79 79 79 79 80 80 80 80 80 80 80 80 80 80 81 81 81 81 81 82 82 82 83 83 83 84 84 85 85 86 86 87 87 88 88 89 89 90 90 91 91 92 92 93 93 94 94 95 95 96 96 96 97 97 98 98 98 99 99 99 100 100 100 101 101 102 102 103 104 105 105 106 107 107 108 109 110 110 111 112 113 113 114 115 115 116 117 117 117 118
77 77 78 78 78 78 78 79 79 79 79 79 79 79 80 80 80 80 80 80 80 80 80 81 81 81 81 82 82 82 83 83 84 84 85 85 86 86 87 87 88 88 89 89 90 90 91 91 92 92 93 93 94 94 94 95 95 96 96 97 97 97 98 98 98 99 99 99 100 100 100 101 101 102 103 104 104 105 106 107 107 108 109 110 110 111 112 113 113 114 115 115 116 116 117 117
77 77 77 77 78 78 78 78 78 78 79 79 79 79 79 79 79 79 79 80 80 80 80 80 80 81 81 81 82 82 82 83 83 84 84 85 85 86 86 87 87 88 88 89 89 90 90 91 91 92 92 92 93 93 94 94 95 95 96 96 96 97 97 97 98 98 98 98 99 99 99 100 100 101 102 103 104 104 105 106 106 107 108 109 110 110 111 112 112 113 114 114 115 115 116 116
76 77 77 77 77 77 78 78 78 78 78 78 78 78 79 79 79 79 79 79 79 79 80 80 80 80 80 81 81 81 82 82 83 83 84 84 84 85 85 86 87 87 88 88 89 89 89 90 90 91 91 92 92 93 93 94 94 95 95 95 96 96 96 97 97 97 98 98 98 98 98 99 100 100 101 102 103 104 104 105 105 106 107 108 109 110 110 111 112 112 113 114 114 115 115 115
76 76 77 77 77 77 77 77 77 78 78 78 78 78 78 78 78 78 78 79 79 79 79 79 79 80 80 80 81 81 81 82 82 83 83 83 84 84 85 85 86 87 87 88 88 88 89 89 90 90 91 91 92 92 93 93 94 94 94 95 95 95 96 96 96 97 97 97 97 97 97 98 99 100 100 101 102 103 104 104 105 106 106 107 108 109 109 110 111 111 112 113 113 114 114 115
76 76 76 76 76 77 77 77 77 77 77 77 77 78 78 78 78 78 78 78 78 78 79 79 79 79 79 80 80 80 81 81 82 82 82 83 83 84 84 85 85 86 87 87 88 88 88 89 89 90 90 91 91 92 92 93 93 93 94 94 95 95 95 96 96 96 96 97 97 97 97 98 98 99 100 101 101 102 103 104 104 105 105 106 107 108 109 109 110 111 111 112 112 113 113 114
76 76 76 76 76 76 76 76 77 77 77 77 77 77 77 77 77 77 78 78 78 78 78 78 79 79 79 79 80 80 80 81 81 81 82 82 83 83 84 84 85 85 86 87 87 87 88 88 89 89 90 90 91 91 92 92 92 93 93 94 94 94 95 95 95 96 96 96 96 97 97 97 98 99 99 100 101 101 102 103 103 104 105 105 106 107 108 108 109 110 110 111 111 112 112 113
75 75 76 76 76 76 76 76 76 76 76 76 77 77 77 77 77 77 77 77 77 78 78 78 78 78 78 79 79 79 80 80 80 81 81 82 82 83 83 84 84 85 85 86 86 87 87 88 88 89 89 90 90 91 91 92 92 92 93 93 94 94 94 95 95 95 96 96 96 96 97 97 98 98 99 99 100 101 101 102 103 103 104 104 105 106 107 107 108 109 109 110 110 111 112 112
75 75 75 75 75 76 76 76 76 76 76 76 76 76 76 76 76 77 77 77 77 77 77 77 78 78 78 78 79 79 79 80 80 80 81 81 82 82 83 83 84 84 85 86 86 86 87 87 88 88 89 89 90 90 91 91 91 92 92 93 93 94 94 94 95 95 95 96 96 96 96 97 97 98 98 99 100 100 101 101 102 103 103 103 104 105 106 107 107 108 108 109 109 110 111 111
75 75 75 75 75 75 75 75 75 76 76 76 76 76 76 76 76 76 76 76 76 77 77 77 77 77 77 78 78 78 79 79 79 80 80 81 81 82 82 83 83 84 85 85 86 86 87 87 87 88 88 89 89 90 90 91 91 91 92 92 93 93 93 94 94 95 95 95 95 96 96 96 97 97 98 98 99 100 100 101 101 102 102 103 103 104 105 106 106 107 107 108 108 109 110 110
75 75 75 75 75 75 75 75 75 75 75 75 75 75 76 76 76 76 76 76 76 76 76 76 77 77 77 77 77 78 78 78 79 79 80 80 81 81 82 82 83 84 84 85 85 86 86 87 87 87 88 88 89 89 90 90 90 91 91 92 92 93 93 93 94 94 95 95 95 95 96 96 96 97 97 98 98 99 99 100 101 101 102 102 103 104 104 105 105 106 107 107 108 108 109 109
74 74 74 74 75 75 75 75 75 75 75 75 75 75 75 75 75 75 75 76 76 76 76 76 76 76 77 77 77 77 78 78 78 79 79 80 80 81 81 82 83 83 84 84 85 85 86 86 87 87 87 88 88 89 89 90 90 90 91 91 92 92 93 93 94 94 95 95 95 95 95 96 96 96 97 97 98 98 99 99 100 100 101 101 102 103 103 104 104 105 105 106 107 107 108 108
74 74 74 74 74 74 74 74 74 75 75 75 75 75 75 75 75 75 75 75 75 75 75 76 76 76 76 76 76 77 77 77 78 78 79 79 80 80 81 81 82 83 83 84 84 85 85 86 86 86 87 87 88 88 89 89 89 90 90 91 91 92 92 93 93 94 94 95 95 95 95 95 95 96 96 97 97 98 98 99 99 100 100 101 101 102 102 103 103 104 105 105 106 106 107 107
74 74 74 74 74 74 74 74 74 74 74 74 74 74 74 74 75 75 75 75 75 75 75 75 75 75 76 76 76 76 76 77 77 78 78 79 79 80 80 81 82 82 83 83 84 84 85 85 86 86 86 87 87 88 88 88 89 89 90 90 91 91 92 92 93 93 94 94 94 94 95 95 95 95 96 96 97 97 97 98 98 99 99 100 100 101 101 102 103 103 104 104 105 106 106 107
74 74 74 74 74 74 74 74 74 74 74 74 74 74 74 74 74 74 74 74 74 75 75 75 75 75 75 75 75 76 76 76 77 77 77 78 79 79 80 81 81 82 83 83 84 84 84 85 85 86 86 86 87 87 87 88 88 89 89 90 90 91 91 91 92 93 93 94 94 94 94 94 95 95 95 96 96 96 97 97 98 98 99 99 100 100 100 101 102 102 103 103 104 105 105 106
73 73 73 73 73 73 73 73 73 74 74 74 74 74 74 74 74 74 74 74 74 74 74 74 74 75 75 75 75 75 75 76 76 76 77 77 78 79 79 80 81 82 82 83 83 84 84 84 85 85 85 86 86 87 87 87 88 88 89 89 89 90 90 91 91 92 92 93 93 93 94 94 94 94 95 95 95 96 96 97 97 97 98 98 99 99 100 100 101 101 102 103 103 104 104 105
73 73 73 73 73 73 73 73 73 73 73 73 73 73 73 73 73 73 74 74 74 74 74 74 74 74 74 74 74 75 75 75 75 76 76 77 78 78 79 80 80 81 82 82 83 83 84 84 84 85 85 85 86 86 86 87 87 88 88 88 89 89 90 90 91 91 92 92 92 93 93 93 93 94 94 94 95 95 95 96 96 97 97 97 98 98 99 99 100 100 101 101 102 103 104 104
73 73 73 73 73 73 73 73 73 73 73 73 73 73 73 73 73 73 73 73 73 73 73 74 74 74 74 74 74 74 74 74 75 75 76 76 77 78 79 79 80 81 82 82 83 83 83 83 84 84 84 85 85 85 86 86 87 87 87 88 88 89 89 89 90 90 91 91 92 92 92 93 93 93 93 94 94 94 95 95 95 96 96 97 97 98 98 98 99 100 100 100 101 102 103 103
72 72 72 72 72 72 72 72 73 73 73 73 73 73 73 73 73 73 73 73 73 73 73 73 73 73 73 73 74 74 74 74 74 74 75 76 77 77 78 79 80 81 81 82 82 83 83 83 83 84 84 84 84 85 85 86 86 86 87 87 88 88 88 89 89 90 90 91 91 91 92 92 92 93 93 93 93 94 94 94 95 95 95 96 96 97 97 97 98 99 99 99 100 101 102 102
72 72 72 72 72 72 72 72 72 72 72 72 72 72 72 72 72 73 73 73 73 73 73 73 73 73 73 73 73 73 73 74 74 74 75 75 76 77 78 78 79 80 81 82 82 82 82 82 83 83 83 84 84 84 85 85 85 86 86 87 87 87 87 88 89 89 90 90 90 91 91 91 92 92 92 92 93 93 93 94 94 94 95 95 95 96 96 97 97 98 98 99 99 100 101 101
72 72 72 72 72 72 72 72 72 72 72 72 72 72 72 72 72 72 72 72 72 72 72 72 73 73 73 73 73 73 73 73 73 74 74 75 76 76 77 78 79 80 80 81 81 82 82 82 82 82 83 83 83 83 84 84 85 85 85 86 86 87 87 88 88 88 89 89 90 90 90 91 91 91 92 92 92 92 93 93 93 94 94 94 95 95 95 96 96 97 97 98 98 99 99 100
71 71 71 71 71 71 72 72 72 72 72 72 72 72 72 72 72 72 72 72 72 72 72 72 72 72 72 72 73 73 73 73 73 74 74 75 75 76 77 78 78 79 80 80 81 81 81 81 81 82 82 82 82 83 83 84 84 84 85 85 86 86 86 87 87 88 88 89 89 89 90 90 90 91 91 91 91 92 92 92 92 93 93 93 94 94 94 95 95 96 96 97 97 98 98 99
71 71 71 71 71 71 71 71 71 71 71 71 71 72 72 72 72 72 72 72 72 72 72 72 72 72 72 72 72 72 73 73 73 73 74 74 75 76 76 77 78 78 79 79 80 80 80 81 81 81 81 81 82 82 82 83 83 84 84 84 85 85 86 86 87 87 87 88 88 89 89 89 90 90 90 91 91 91 91 92 92 92 92 93 93 93 94 94 94 95 95 96 96 97 97 98
71 71 71 71 71 71 71 71 71 71 71 71 71 71 71 71 71 71 71 71 71 72 72 72 72 72 72 72 72 72 72 73 73 73 74 74 75 75 76 76 77 78 78 79 79 79 80 80 80 80 80 81 81 81 82 82 83 83 83 84 84 85 85 86 86 86 87 87 88 88 88 89 89 89 90 90 90 90 91 91 91 91 92 92 92 92 93 93 93 94 94 95 96 96 97 97
70 70 70 70 70 71 71 71 71 71 71 71 71 71 71 71 71 71 71 71 71 71 71 71 71 71 71 72 72 72 72 72 73 73 73 74 74 75 75 76 76 77 77 78 78 78 79 79 79 79 80 80 80 81 81 81 82 82 83 83 83 84 84 85 85 86 86 87 87 87 87 88 88 89 89 89 90 90 90 90 91 91 91 91 92 92 92 92 93 93 93 94 95 95 96 96
70 70 70 70 70 70 70 70 70 70 71 71 71 71 71 71 71 71 71 71 71 71 71 71 71 71 71 71 71 72 72 72 72 73 73 73 74 74 75 75 76 76 77 77 77 78 78 78 78 79 79 79 80 80 80 81 81 81 82 82 83 83 84 84 85 85 86 86 86 87 87 87 88 88 88 89 89 89 90 90 90 90 90 91 91 91 91 91 92 92 93 93 94 94 95 95
70 70 70 70 70 70 70 70 70 70 70 70 70 70 71 71 71 71 71 71 71 71 71 71 71 71 71 71 71 71 71 72 72 72 73 73 73 74 74 75 75 75 76 76 77 77 77 77 78 78 78 78 79 79 80 80 80 81 81 82 82 83 83 84 84 85 85 85 86 86 86 87 87 88 88 88 89 89 89 89 89 90 90 90 90 91 91 91 91 91 92 92 93 94 94 94
69 69 69 69 70 70 70 70 70 70 70 70 70 70 70 70 70 70 70 70 70 70 70 70 71 71 71 71 71 71 71 71 72 72 72 73 73 73 74 74 74 75 75 76 76 76 76 77 77 77 77 78 78 78 79 79 80 80 81 81 81 82 83 83 83 84 84 85 85 86 86 86 87 87 87 88 88 88 89 89 89 89 90 90 90 90 90 90 91 91 92 92 92 93 93 94
69 69 69 69 69 69 69 70 70 70 70 70 70 70 70 70 70 70 70 70 70 70 70 70 70 70 70 70 70 71 71 71 71 71 72 72 72 73 73 73 74 74 74 75 75 75 76 76 76 76 77 77 77 78 78 78 79 79 80 80 81 81 82 82 83 83 84 84 85 85 85 86 86 87 87 87 88 88 88 88 89 89 89 89 89 90 90 90 90 91 91 92 92 92 93 93
69 69 69 69 69 69 69 69 69 69 69 70 70 70 70 70 70 70 70 70 70 70 70 70 70 70 70 70 70 70 70 71 71 71 71 72 72 72 72 73 73 73 74 74 74 75 75 75 75 76 76 76 77 77 77 78 78 79 79 80 80 81 81 82 82 83 83 83 84 84 85 85 86 86 86 87 87 87 88 88 88 88 89 89 89 89 90 90 90 91 91 91 92 92 92 92
68 68 68 69 69 69 69 69 69 69 69 69 69 69 70 70 70 70 70 70 70 70 70 70 70 70 70 70 70 70 70 70 70 71 71 71 71 72 72 72 72 73 73 73 74 74 74 75 75 75 75 75 76 76 77 77 78 78 79 79 80 80 81 81 82 82 82 83 83 84 84 85 85 86 86 86 87 87 87 87 88 88 88 89 89 89 89 90 90 90 91 91 91 91 92 92
68 68 68 68 68 68 69 69 69 69 69 69 69 69 69 69 69 69 69 69 69 69 69 69 69 69 69 69 69 69 70 70 70 70 70 70 71 71 71 72 72 72 72 73 73 73 74 74 74 74 74 75 75 75 76 76 77 77 78 78 79 80 80 81 81 82 82 82 83 83 84 84 85 85 86 86 86 87 87 87 87 88 88 88 89 89 89 89 90 90 91 91 91 91 91 92
67 68 68 68 68 68 68 68 68 69 69 69 69 69 69 69 69 69 69 69 69 69 69 69 69 69 69 69 69 69 69 69 69 69 70 70 70 70 71 71 71 72 72 72 72 73 73 73 73 74 74 74 74 75 75 76 76 77 77 78 78 79 80 80 80 81 81 82 82 83 83 84 84 85 85 85 86 86 86 87 87 87 88 88 88 89 89 89 90 90 91 91 91 91 91 91
67 67 67 68 68 68 68 68 68 68 68 69 69 69 69 69 69 69 69 69 69 69 69 69 69 69 69 69 69 69 69 69 69 69 69 69 70 70 70 70 71 71 71 72 72 72 72 73 73 73 73 73 74 74 75 75 76 76 77 77 78 78 79 79 80 80 81 81 82 82 83 83 84 84 85 85 85 86 86 86 87 87 88 88 88 88 89 89 90 90 91 91 91 91 91 91
67 67 67 67 67 67 68 68 68 68 68 68 68 69 69 69 69 69 69 69 69 69 69 68 68 68 68 68 68 68 68 68 68 68 69 69 69 69 69 70 70 70 71 71 71 71 72 72 72 72 73 73 73 74 74 75 75 76 76 77 77 78 79 79 80 80 80 81 81 82 82 83 83 84 84 85 85 86 86 86 87 87 87 87 88 88 89 89 89 90 91 91 91 91 91 91
66 67 67 67 67 67 67 67 68 68 68 68 68 68 68 69 69 69 69 69 68 68 68 68 68 68 68 68 68 68 68 68 68 68 68 68 68 69 69 69 69 70 70 70 71 71 71 71 72 72 72 73 73 73 74 74 75 75 76 76 77 78 78 79 79 80 80 80 81 81 82 82 83 83 84 84 85 85 85 86 86 87 87 87 88 88 88 89 89 90 90 91 91 91 90 90
66 66 66 67 67 67 67 67 67 67 68 68 68 68 68 68 68 68 68 68 68 68 68 68 68 67 67 67 67 67 67 67 67 67 68 68 68 68 68 69 69 69 69 70 70 70 71 71 71 72 72 72 73 73 73 74 75 75 76 76 77 77 78 78 79 79 80 80 81 81 82 82 82 83 83 84 84 85 85 86 86 86 87 87 88 88 88 89 89 89 90 90 90 90 90 90
66 66 66 66 66 66 67 67 67 67 67 67 68 68 68 68 68 68 68 68 68 68 67 67 67 67 67 67 67 67 67 67 67 67 67 67 67 67 68 68 68 69 69 69 70 70 70 71 71 71 72 72 72 73 73 74 74 75 75 76 76 77 77 78 78 79 79 80 80 81 81 82 82 83 83 84 84 84 85 85 86 86 87 87 87 88 88 89 89 89 89 90 90 90 90 90
65 66 66 66 66 66 66 66 67 67 67 67 67 67 68 68 68 68 68 68 67 67 67 67 67 67 66 66 66 66 66 66 66 66 66 67 67 67 67 67 68 68 68 69 69 69 70 70 71 71 71 72 72 72 73 73 74 74 75 75 76 76 77 77 78 78 79 79 80 80 81 81 82 82 83 83 84 84 85 85 85 86 86 87 87 88 88 88 89 89 89 89 89 89 89 89
65 65 65 65 66 66 66 66 66 66 66 67 67 67 67 67 68 68 67 67 67 67 67 66 66 66 66 66 66 66 66 66 66 66 66 66 66 66 67 67 67 68 68 68 69 69 69 70 70 71 71 71 72 72 73 73 74 74 75 75 75 76 76 77 77 78 78 79 79 80 80 81 81 82 82 83 83 84 84 85 85 86 86 86 87 87 88 88 89 89 89 89 89 89 89 89
65 65 65 65 65 65 65 66 66 66 66 66 66 67 67 67 67 67 67 67 67 66 66 66 66 66 66 65 65 65 65 65 65 65 65 65 65 66 66 66 67 67 67 68 68 69 69 69 70 70 71 71 72 72 72 73 73 74 74 75 75 76 76 77 77 78 78 79 79 80 80 81 81 82 82 83 83 84 84 85 85 85 86 86 87 87 87 88 88 88 88 89 89 88 88 88
64 64 65 65 65 65 65 65 65 66 66 66 66 66 66 66 66 66 66 66 66 66 66 65 65 65 65 65 65 65 65 65 65 65 65 65 65 65 65 66 66 67 67 67 68 68 69 69 70 70 70 71 71 72 72 73 73 73 74 74 75 75 76 76 77 77 78 78 79 79 80 80 81 81 82 82 83 83 84 84 85 85 85 86 86 87 87 88 88 88 88 88 88 88 88 88
64 64 64 64 64 65 65 65 65 65 65 65 65 66 66 66 66 66 66 66 65 65 65 65 65 65 65 64 64 64 64 64 64 64 64 64 64 65 65 65 66 66 67 67 67 68 68 69 69 70 70 71 71 71 72 72 73 73 74 74 74 75 75 76 76 77 77 78 78 79 79 80 80 81 81 82 83 83 84 84 84 85 85 86 86 86 87 87 87 87 87 87 88 87 88 88
64 64 64 64 64 64 64 64 65 65 65 65 65 65 65 65 65 65 65 65 65 65 65 64 64 64 64 64 64 64 64 64 64 64 64 64 64 64 64 65 65 66 66 67 67 68 68 68 69 69 70 70 71 71 72 72 73 73 73 74 74 75 75 75 76 76 77 77 78 78 79 79 80 81 81 82 82 83 83 84 84 84 85 85 85 86 86 86 87 87 87 87 87 87 87 87
63 63 63 64 64 64 64 64 64 64 64 64 64 65 65 65 65 65 65 64 64 64 64 64 64 64 64 63 63 63 63 63 63 63 63 63 63 64 64 64 65 65 66 66 67 67 68 68 69 69 70 70 71 71 71 72 72 73 73 73 74 74 75 75 75 76 76 77 77 78 78 79 79 80 81 81 82 82 83 83 84 84 84 85 85 85 86 86 86 86 86 86 86 86 87 87
63 63 63 63 63 63 63 64 64 64 64 64 64 64 64 64 64 64 64 64 64 64 64 63 63 63 63 63 63 63 63 63 63 63 63 63 63 63 64 64 64 65 65 66 66 67 67 68 68 69 69 70 70 71 71 72 72 72 73 73 73 74 74 75 75 75 76 76 77 77 78 78 79 80 80 81 82 82 82 83 83 84 84 84 84 85 85 85 85 86 86 86 86 86 86 86
63 63 63 63 63 63 63 63 63 63 63 63 63 63 63 63 63 63 63 63 63 63 63 63 63 63 63 63 62 62 62 62 62 62 62 62 63 63 63 64 64 65 65 65 66 66 67 68 68 69 69 70 70 71 71 71 72 72 72 73 73 73 74 74 75 75 75 76 76 77 77 78 79 79 80 81 81 82 82 82 83 83 83 84 84 84 84 85 85 85 85 85 85 85 86 86
62 62 62 62 63 63 63 63 63 63 63 63 63 63 63 63 63 63 63 63 63 63 63 62 62 62 62 62 62 62 62 62 62 62 62 62 62 63 63 63 64 64 65 65 66 66 67 67 68 68 69 69 70 70 71 71 71 72 72 72 73 73 73 74 74 75 75 75 76 76 77 78 78 79 79 80 81 81 82 82 82 83 83 83 83 84 84 84 84 84 84 85 85 85 85 85
62 62 62 62 62 62 62 62 62 62 62 62 62 62 62 62 62 62 62 62 62 62 62 62 62 62 62 62 62 61 61 61 61 61 62 62 62 62 63 63 63 64 64 65 65 66 66 67 67 68 69 69 70 70 70 71 71 71 72 72 72 73 73 73 74 74 75 75 75 76 76 77 78 78 79 80 80 81 81 82 82 82 82 83 83 83 83 83 84 84 84 84 84 84 84 85
62 62 62 62 62 62 62 62 62 62 62 62 62 62 62 62 62 62 62 62 62 62 62 61 61 61 61 61 61 61 61 61 61 61 61 61 62 62 62 63 63 64 64 64 65 65 66 67 67 68 68 69 69 70 70 70 71 71 71 72 72 72 73 73 73 74 74 75 75 75 76 77 77 78 79 79 80 81 81 82 82 82 82 82 82 83 83 83 83 83 83 83 84 84 84 84
61 61 61 61 61 61 61 61 61 61 61 61 61 61 61 61 61 61 61 61 61 61 61 61 61 61 61 61 61 61 61 61 61 61 61 61 61 62 62 62 63 63 64 64 65 65 66 66 67 67 68 68 69 69 70 70 70 71 71 71 72 72 72 73 73 73 74 74 75 75 76 76 77 77 78 79 80 80 81 81 81 81 81 82 82 82 82 82 82 83 83 83 83 83 83 83
