MUSICEvapDataQueryTool/BOMEvapData/etapjan.txt
ncols         417
nrows         337
xllcorner     112.15
yllcorner     -43.8
cellsize      0.1
NODATA_value  -9999
[rows 252 to 293 of 337, columns 282 to 375 of 417]
167 168 169 169 169 169 169 169 169 169 170 170 170 170 170 170 171 171 172 172 174 175 176 178 180 181 182 183 184 184 185 185 185 185 185 185 185 185 185 186 187 188 189 189 190 191 191 191 192 192 192 192 192 192 192 192 192 191 191 190 190 188 188 187 185 185 184 181 181 179 177 176 175 173 171 168 166 164 162 161 160 160 159 160 160 161 162 162 162 159 159 155 154 152
168 169 169 170 170 170 170 170 170 170 171 171 171 171 171 171 172 172 173 174 174 176 177 178 180 181 182 183 184 185 185 186 186 186 186 185 185 186 186 187 187 188 189 190 190 191 191 192 192 192 192 192 192 192 192 192 192 191 191 190 189 188 187 185 184 183 182 180 179 177 175 175 172 171 169 167 164 162 160 159 158 158 157 158 159 160 161 161 161 160 158 156 155 153
169 169 170 170 171 171 171 171 171 171 172 172 172 172 172 172 173 173 174 174 175 176 177 178 180 181 182 183 184 185 186 186 187 187 186 186 186 186 187 187 188 188 189 190 190 191 191 192 192 192 192 192 192 192 192 192 192 191 190 189 188 187 186 185 184 182 181 179 178 176 175 173 170 170 168 166 163 160 159 158 158 157 157 158 157 158 160 161 159 159 158 156 155 154
170 170 171 171 171 171 172 172 172 172 172 172 173 173 173 174 174 174 175 175 176 176 177 178 179 181 182 183 185 186 187 187 187 187 187 187 187 187 187 187 188 189 189 190 190 191 191 192 192 192 192 192 192 192 192 192 191 191 190 189 188 186 185 184 182 181 179 177 176 174 173 171 169 168 166 165 162 159 158 156 156 157 157 157 157 158 160 160 160 158 158 156 156 155
170 171 172 172 172 172 172 172 172 172 173 173 173 173 174 175 175 175 175 176 176 177 177 178 179 180 182 184 185 186 187 188 188 188 188 187 187 187 187 187 188 189 189 190 190 191 191 191 192 191 191 191 192 191 191 191 191 191 190 188 187 186 184 182 181 179 177 176 174 172 170 168 168 167 165 164 162 159 157 156 156 155 156 156 157 158 159 159 160 158 158 157 157 157
171 172 172 173 173 173 173 172 173 172 173 173 173 174 175 175 175 176 176 176 176 177 177 178 179 180 181 183 185 187 188 189 189 189 188 187 187 187 186 187 188 188 189 190 190 191 191 191 191 191 191 191 191 191 192 191 191 190 189 187 186 185 183 181 179 178 176 175 173 171 170 168 167 165 165 163 160 156 154 155 155 155 155 156 157 158 158 158 159 159 158 157 157 158
172 173 173 173 173 173 173 173 172 173 173 173 174 174 175 176 176 176 176 176 176 176 177 177 178 179 181 183 186 188 189 190 190 189 188 187 186 186 185 186 187 188 189 189 190 190 191 191 191 191 190 190 191 191 191 191 191 189 188 186 185 183 181 180 178 177 175 173 171 170 168 167 166 165 164 163 161 156 155 154 154 154 155 155 156 157 158 158 159 159 159 158 158 158
173 173 173 173 173 173 173 173 172 172 172 173 173 174 175 176 177 177 176 176 176 176 176 176 177 178 180 183 185 188 190 190 190 189 188 186 185 184 184 185 185 186 188 189 189 190 190 190 191 191 190 190 190 190 190 189 189 187 187 185 183 181 179 177 176 175 173 171 170 168 167 165 165 164 164 163 163 157 154 153 152 153 154 155 155 156 158 159 160 160 159 159 158 159
173 173 173 173 173 173 173 173 172 171 171 172 172 173 174 176 176 176 175 175 175 175 175 175 176 177 179 181 184 187 190 188 188 187 186 184 183 182 182 182 183 185 187 188 189 188 188 189 190 191 192 191 190 189 188 187 185 183 184 183 181 178 177 175 174 173 171 169 168 167 165 162 165 163 164 163 162 159 153 152 151 153 153 154 155 156 157 159 160 160 159 160 159 158
172 172 172 172 172 173 173 172 171 170 169 170 171 171 173 174 175 174 174 174 174 173 173 174 174 175 177 179 182 185 187 184 184 184 183 181 180 179 179 179 180 182 185 187 187 186 185 186 188 191 193 192 188 185 185 184 182 180 179 181 180 177 174 172 172 170 168 166 166 165 165 162 159 159 162 158 160 156 152 150 152 152 152 153 154 155 157 158 159 159 159 160 160 159
171 171 171 171 170 171 171 169 168 168 167 167 168 169 170 172 173 173 173 172 172 172 171 172 172 173 174 175 177 178 178 179 180 178 179 178 177 176 175 175 176 178 181 183 183 181 181 182 185 188 192 190 186 183 181 180 178 177 177 179 177 175 173 171 169 166 165 162 164 164 163 160 154 154 156 153 152 153 150 150 151 152 152 152 153 155 156 157 158 159 159 160 159 158
170 170 170 168 168 167 167 166 165 165 165 165 166 167 168 170 171 171 171 170 170 169 169 169 169 169 169 170 170 172 173 174 172 172 174 174 173 172 171 170 170 172 174 175 175 174 175 177 179 182 184 184 181 179 176 175 174 171 173 174 172 170 169 169 165 162 161 160 159 161 164 162 158 152 151 151 151 153 150 150 150 151 151 152 153 154 156 157 158 159 160 160 160 158
168 169 167 165 164 163 162 162 162 162 162 162 163 164 166 167 168 170 169 168 167 167 167 166 166 166 165 165 163 164 167 168 166 168 169 170 170 169 167 164 164 166 168 169 168 167 168 170 173 175 177 177 175 169 168 168 169 167 166 167 169 165 165 162 160 158 157 157 154 153 156 152 155 150 151 149 149 149 149 149 150 150 150 151 152 153 155 156 157 159 160 157 155 155
165 165 163 161 159 158 157 157 158 158 159 159 160 161 162 164 165 166 166 165 165 164 164 164 163 162 160 161 159 160 161 162 161 163 165 166 166 167 167 160 157 162 165 166 165 163 163 164 166 168 169 168 163 152 150 156 162 158 155 158 163 158 160 155 156 154 153 154 151 149 150 149 151 149 148 148 148 148 148 149 148 149 150 150 152 153 154 155 157 159 160 160 157 154
161 160 159 157 155 152 152 153 154 155 156 156 157 158 159 160 161 162 162 161 161 161 161 161 160 159 158 157 156 156 157 158 157 158 160 162 164 165 166 164 159 162 165 166 164 161 159 159 159 159 155 155 153 142 141 144 148 149 150 152 156 156 156 155 154 153 152 149 149 147 148 147 148 146 146 146 147 147 147 148 148 149 150 151 152 153 154 155 156 159 161 162 161 162
157 157 156 154 151 148 148 150 151 152 152 153 154 154 155 156 156 157 157 156 154 158 158 158 158 157 156 155 154 153 154 154 153 154 155 158 160 163 164 165 165 165 167 167 164 159 155 153 151 151 147 144 146 146 140 140 148 147 148 150 152 153 153 153 152 151 150 147 147 147 145 144 143 143 144 145 146 146 147 148 148 149 150 152 153 154 155 156 157 160 164 160 159 162
154 154 153 152 150 148 148 148 148 149 150 150 151 152 152 152 151 151 152 151 151 153 155 156 156 155 154 153 152 151 152 151 150 148 151 156 159 163 166 166 168 168 167 163 162 158 153 148 147 144 141 139 150 145 141 144 144 145 147 149 149 150 151 152 151 150 148 147 147 146 143 142 139 140 141 144 145 145 146 148 149 150 150 152 153 155 156 158 161 165 168 163 159 160
152 152 151 151 150 148 147 147 147 147 148 148 148 149 149 149 146 147 148 148 149 151 153 154 154 154 152 152 151 151 151 151 150 148 151 155 158 162 164 165 168 168 163 162 160 157 152 147 145 145 145 144 148 146 138 138 140 143 146 149 149 148 148 151 151 149 148 147 146 144 144 140 137 137 140 144 144 144 146 149 148 150 151 152 154 156 158 160 163 168 169 169 165 164
151 150 150 150 150 149 147 146 146 146 146 146 146 146 146 146 145 144 144 145 147 149 150 152 154 154 153 152 149 151 150 151 152 154 155 153 154 156 156 158 165 164 159 158 156 155 152 146 144 142 143 141 142 145 139 136 138 142 146 149 150 150 151 150 152 151 149 147 145 143 142 139 139 143 140 142 143 145 146 150 150 150 151 153 154 156 159 162 163 165 167 169 163 163
150 149 149 149 150 149 147 145 145 144 143 143 144 144 144 144 143 140 143 144 146 148 150 151 153 153 150 151 151 151 152 152 152 153 156 149 148 148 147 148 152 152 150 154 155 153 151 143 142 139 141 140 133 137 131 136 138 144 148 152 152 155 155 149 153 152 151 148 146 144 142 143 139 140 147 143 146 148 148 150 150 152 153 154 155 157 159 160 163 165 163 164 164 164
148 147 148 149 149 148 147 145 144 143 142 142 143 143 144 144 144 142 142 144 145 147 149 150 151 151 150 150 150 151 152 153 154 156 150 145 144 144 143 145 146 148 149 156 158 156 154 148 142 138 138 130 130 133 138 139 142 148 152 154 155 158 157 151 150 151 149 151 150 146 145 142 141 145 150 145 149 151 152 154 153 154 154 154 156 156 158 159 161 162 161 162 163 165
145 146 147 148 148 148 147 145 143 142 141 141 143 145 145 146 147 146 146 145 146 147 148 149 150 150 150 150 151 151 152 153 155 156 154 145 144 144 145 143 152 148 153 159 162 160 158 156 150 142 141 131 134 132 139 141 146 150 154 156 156 161 161 155 153 154 153 151 152 151 148 146 147 146 149 152 152 153 153 155 153 155 155 155 156 156 157 157 158 160 160 163 165 166
146 146 147 148 148 148 147 145 144 142 140 142 143 145 147 149 151 151 149 147 147 147 148 149 149 149 150 150 151 152 152 152 154 154 152 146 146 149 153 153 157 158 160 162 165 163 161 160 155 150 146 142 136 138 138 142 150 153 161 163 160 162 162 160 159 158 156 155 153 153 151 150 150 152 153 155 155 155 156 157 157 157 156 156 156 156 156 156 157 158 160 162 164 166
149 149 150 149 149 149 148 146 145 144 142 143 144 146 148 150 152 152 150 148 147 147 148 148 148 149 150 151 151 152 152 152 152 150 148 147 146 148 149 154 156 157 157 159 159 155 159 161 156 151 146 143 139 139 142 147 154 157 158 166 166 163 163 163 161 161 160 158 156 155 154 153 153 155 156 157 159 159 159 159 158 158 157 157 157 156 156 156 156 157 159 161 164 166
152 153 153 152 152 151 149 148 147 146 145 145 146 148 149 150 150 150 150 148 147 147 147 147 148 148 149 150 152 153 153 152 151 148 146 145 145 148 150 156 157 156 154 152 152 152 157 158 154 150 147 144 142 142 145 147 149 157 167 161 165 166 164 161 162 163 164 162 160 157 156 155 154 156 158 161 163 162 162 161 160 160 159 158 158 157 157 156 156 157 159 161 164 166
157 156 157 156 155 153 151 150 149 147 147 148 149 150 151 151 151 150 149 148 147 147 147 147 147 148 149 150 152 154 153 152 150 149 147 148 149 152 156 160 159 156 151 150 149 148 149 148 148 148 147 145 144 142 144 142 144 150 155 160 160 160 159 159 162 165 166 164 161 159 157 156 156 159 160 162 164 163 163 162 161 160 160 159 158 158 157 157 157 158 159 161 164 166
159 160 161 161 159 157 153 152 150 149 148 150 151 152 153 153 152 150 149 148 147 146 146 146 146 146 148 149 151 153 152 150 149 148 148 150 153 156 160 164 164 159 154 150 148 146 144 138 144 145 145 144 144 144 143 143 145 148 153 154 157 154 153 156 160 164 167 164 161 160 158 158 159 160 161 163 164 164 163 162 161 161 160 159 159 158 158 158 158 159 160 162 164 166
160 162 163 163 161 159 157 155 151 149 150 152 154 155 156 155 154 152 150 148 146 145 145 144 145 145 146 147 148 149 149 148 147 147 148 151 153 156 161 168 167 161 155 151 148 146 143 143 148 145 143 144 145 145 145 146 147 148 149 151 148 145 148 153 157 161 162 161 160 159 159 159 159 160 161 162 163 163 163 162 162 161 161 160 160 159 159 159 159 160 161 163 164 166
161 162 163 162 161 159 157 156 154 154 151 154 157 160 160 158 155 153 150 148 145 144 144 144 144 144 144 145 146 146 146 145 145 146 148 150 152 155 160 165 165 162 157 153 150 147 143 143 147 146 146 146 147 148 148 149 152 152 153 150 146 143 147 152 155 158 159 159 159 159 159 159 160 160 161 162 163 163 163 162 162 161 161 160 160 160 160 160 160 161 162 163 165 166
161 162 162 162 161 159 157 156 155 154 152 154 162 163 162 160 158 154 151 150 145 144 144 143 143 143 144 145 145 145 144 142 142 146 149 150 151 154 158 160 161 160 158 154 150 147 145 145 147 148 148 149 151 152 152 152 151 153 152 150 155 154 155 153 154 155 157 158 158 158 159 159 160 160 161 162 162 162 162 162 162 161 161 161 161 160 160 161 161 162 163 164 165 166
161 161 161 161 160 159 157 156 155 154 155 157 162 164 163 161 158 155 153 150 148 147 144 144 144 144 145 145 145 145 144 143 144 151 152 150 151 153 155 157 158 158 157 154 152 148 147 149 149 151 152 154 155 155 154 153 152 152 153 153 155 155 152 150 152 154 155 156 157 158 158 159 159 160 160 161 162 162 162 162 162 162 161 161 161 161 161 161 162 162 163 164 165 166
161 161 161 160 159 158 157 156 155 154 155 156 160 162 162 160 158 155 153 151 149 148 147 147 145 145 145 145 146 146 147 148 150 161 151 152 148 150 153 155 156 156 155 154 152 151 150 151 152 153 155 158 160 159 157 155 153 153 153 154 151 147 147 149 151 152 154 155 156 157 157 158 159 159 160 161 161 161 162 162 162 162 162 161 161 162 162 162 162 163 164 165 166 167
160 160 160 159 159 158 157 156 155 155 155 156 158 160 160 159 157 155 153 151 150 148 148 147 148 148 148 147 148 147 146 146 150 156 156 150 149 150 152 153 154 155 154 153 152 152 152 152 154 155 157 159 164 159 159 156 154 153 150 148 147 146 147 148 150 151 153 154 155 156 157 157 158 159 160 160 161 161 161 161 162 162 162 162 162 162 162 162 163 163 164 165 166 167
160 160 159 159 158 158 157 156 155 155 155 156 157 158 158 158 156 155 153 152 150 149 149 148 148 149 149 150 149 151 151 153 156 154 153 151 150 150 151 153 153 154 154 153 153 153 153 154 155 156 158 160 161 160 158 156 154 151 149 147 146 146 147 148 149 150 152 153 154 155 156 157 158 158 159 160 160 161 161 161 161 162 162 162 162 162 162 163 163 164 165 165 166 167
159 159 159 158 158 157 157 156 156 155 156 156 157 157 157 157 156 155 153 152 151 150 149 149 149 149 150 150 151 152 153 154 154 154 153 152 151 151 152 152 153 153 153 153 153 153 153 154 155 157 158 159 159 159 157 155 152 150 148 147 145 145 146 147 148 149 151 152 153 154 155 156 157 158 159 159 160 160 161 161 161 162 162 162 162 162 163 163 164 164 165 165 166 167
159 159 158 158 158 157 157 156 156 156 156 156 156 156 156 156 155 154 153 152 151 151 150 150 150 150 150 151 152 152 153 154 154 154 154 153 152 152 152 152 152 153 153 153 153 153 154 154 155 156 157 158 158 157 155 153 151 149 147 146 144 144 145 146 147 149 150 151 152 154 155 156 157 157 158 159 159 160 160 161 161 161 162 162 162 163 163 163 164 164 165 166 166 167
159 158 158 158 157 157 157 156 156 156 156 156 156 156 156 155 155 154 153 152 152 151 151 150 150 150 151 151 152 153 153 154 154 154 153 153 152 152 152 152 152 152 152 153 153 153 153 154 155 155 156 156 156 155 154 152 150 148 145 143 142 143 144 145 146 148 149 151 152 153 154 155 156 157 158 159 159 160 160 161 161 161 162 162 162 163 163 164 164 165 165 166 166 167
158 158 158 158 157 157 156 156 156 156 156 156 155 155 155 155 154 154 153 152 152 151 151 151 151 151 151 152 152 153 153 153 154 153 153 153 152 152 152 152 152 152 152 152 152 153 153 153 154 154 155 155 154 153 152 150 149 147 145 143 142 142 143 144 146 147 149 150 151 153 154 155 156 157 158 158 159 160 160 161 161 161 162 162 162 163 163 164 164 165 165 166 167 167
158 158 158 157 157 157 156 156 156 156 155 155 155 155 155 154 154 154 153 152 152 152 151 151 151 151 151 152 152 152 153 153 153 153 153 153 152 152 152 152 152 152 152 152 152 152 152 153 153 153 153 153 152 152 151 149 147 146 144 143 142 142 143 144 145 147 148 150 151 152 153 154 155 156 157 158 159 159 160 160 161 161 162 162 163 163 163 164 164 165 165 166 167 167
158 157 157 157 157 156 156 156 156 155 155 155 155 155 155 154 154 153 153 153 152 152 151 151 151 151 151 152 152 152 152 153 153 153 152 152 152 152 152 151 151 151 151 151 151 151 152 152 152 152 152 151 151 150 149 148 146 145 144 142 142 142 143 144 145 146 148 149 151 152 153 154 155 156 157 158 159 159 160 160 161 161 162 162 163 163 163 164 164 165 165 166 167 167
157 157 157 157 157 156 156 156 156 155 155 155 155 155 154 154 154 153 153 153 152 152 152 151 151 151 152 152 152 152 152 152 152 152 152 152 152 151 151 151 151 151 151 151 151 151 151 151 151 151 150 150 150 149 148 147 146 144 143 142 142 142 143 144 145 146 148 149 150 149 153 154 155 156 157 158 158 159 160 160 161 161 162 162 163 163 163 164 164 165 165 166 167 167
157 157 157 157 156 156 156 156 155 155 155 155 155 154 154 154 153 153 153 152 152 152 152 152 151 151 152 152 152 152 152 152 152 152 152 151 151 151 151 151 150 150 150 150 150 150 150 150 150 149 149 149 148 147 147 146 145 144 143 143 142 143 143 144 145 146 148 149 150 152 153 154 155 156 157 158 158 159 160 160 161 161 162 162 163 163 163 164 164 165 165 166 166 167
