MUSICEvapDataQueryTool/BOMEvapData/etapjun.txt
ncols         417
nrows         337
xllcorner     112.15
yllcorner     -43.8
cellsize      0.1
NODATA_value  -9999
[rows 55 to 109 of 337, columns 288 to 383 of 417]
111 111 111 111 111 111 111 111 111 111 110 110 110 110 110 110 110 110 110 111 111 111 111 111 111 111 111 112 112 112 112 112 113 113 113 113 114 114 115 115 115 116 116 117 118 118 119 119 120 120 121 121 121 122 122 123 123 123 124 124 124 125 125 125 125 126 126 126 127 127 127 127 128 128 128 128 128 129 129 129 129 129 130 130 130 130 130 131 131 131 131 131 131 132 132 132
110 110 110 110 110 110 110 110 110 110 110 110 110 110 110 110 110 110 110 110 110 110 110 110 110 110 111 111 111 111 111 112 112 112 112 113 113 113 114 114 115 115 115 116 117 118 118 119 119 120 120 120 121 121 122 122 122 123 123 123 124 124 124 125 125 125 126 126 126 126 127 127 127 127 127 128 128 128 128 129 129 129 129 129 129 130 130 130 130 130 131 131 131 131 131 131
110 110 109 109 109 109 109 109 109 109 109 109 109 109 109 109 109 109 109 109 109 109 109 109 109 110 110 110 110 110 110 111 111 111 111 112 112 112 113 113 114 114 115 115 116 117 117 118 119 119 119 120 120 121 121 122 122 122 123 123 123 124 124 124 124 125 125 125 126 126 126 126 126 127 127 127 127 128 128 128 128 128 129 129 129 129 129 130 130 130 130 130 130 131 131 131
109 109 109 108 108 108 108 108 108 108 108 108 108 108 108 108 108 108 108 108 108 108 108 108 109 109 109 109 109 109 110 110 110 110 111 111 111 111 112 112 113 113 114 114 115 116 117 117 118 118 119 119 120 120 121 121 121 122 122 122 123 123 123 124 124 124 124 125 125 125 125 126 126 126 126 127 127 127 127 127 128 128 128 128 128 129 129 129 129 129 130 130 130 130 130 130
108 108 108 108 108 108 107 107 107 107 107 107 107 107 107 107 107 107 107 107 107 107 108 108 108 108 108 108 108 109 109 109 109 109 110 110 110 111 111 111 112 112 113 114 114 116 116 117 117 118 118 119 119 120 120 121 121 121 122 122 122 123 123 123 123 124 124 124 124 125 125 125 125 126 126 126 126 127 127 127 127 127 128 128 128 128 128 129 129 129 129 129 129 130 130 130
107 107 107 107 107 107 107 107 106 106 106 106 106 106 106 106 106 106 106 106 107 107 107 107 107 107 107 107 108 108 108 108 108 109 109 109 109 110 110 110 111 111 112 113 114 115 116 116 117 117 118 118 119 119 120 120 120 121 121 121 122 122 122 123 123 123 123 124 124 124 124 125 125 125 125 126 126 126 126 126 127 127 127 127 127 128 128 128 128 128 129 129 129 129 129 129
106 106 106 106 106 106 106 106 106 106 105 105 105 105 105 105 105 106 106 106 106 106 106 106 106 106 106 107 107 107 107 107 107 108 108 108 108 109 109 109 110 110 111 112 113 114 115 116 116 117 117 118 118 119 119 119 120 120 121 121 121 121 122 122 122 123 123 123 123 124 124 124 124 125 125 125 125 125 126 126 126 126 127 127 127 127 127 127 128 128 128 128 128 129 129 129
105 105 105 105 105 105 105 105 105 105 105 105 105 105 105 105 105 105 105 105 105 105 105 105 105 105 106 106 106 106 106 106 107 107 107 107 107 108 108 108 109 109 110 111 113 114 114 115 116 116 117 117 118 118 119 119 119 120 120 120 121 121 121 122 122 122 122 123 123 123 123 124 124 124 124 125 125 125 125 125 126 126 126 126 126 127 127 127 127 127 127 128 128 128 128 128
105 104 104 104 104 104 104 104 104 104 104 104 104 104 104 104 104 104 104 104 104 104 104 104 104 105 105 105 105 105 105 106 106 106 106 106 106 107 107 107 108 108 108 109 111 113 114 114 115 116 116 117 117 118 118 118 119 119 119 120 120 120 121 121 121 122 122 122 122 123 123 123 123 124 124 124 124 124 125 125 125 125 125 126 126 126 126 126 127 127 127 127 127 127 128 128
104 104 103 103 103 103 103 103 103 103 103 103 103 103 103 103 103 103 103 103 103 103 103 104 104 104 104 104 104 104 105 105 105 105 105 105 106 106 106 106 106 107 107 108 108 110 113 113 114 115 116 116 117 117 118 118 118 119 119 119 120 120 120 120 121 121 121 122 122 122 122 122 123 123 123 123 124 124 124 124 125 125 125 125 125 126 126 126 126 126 126 127 127 127 127 127
103 103 103 102 102 102 102 102 102 102 102 102 102 102 102 102 102 102 102 102 102 102 103 103 103 103 103 103 103 104 104 104 104 104 104 104 105 105 105 105 105 105 106 107 107 108 110 113 113 114 115 116 116 117 117 117 118 118 118 119 119 119 120 120 120 120 121 121 121 121 122 122 122 122 123 123 123 123 124 124 124 124 124 125 125 125 125 125 126 126 126 126 126 126 127 127
102 102 102 101 101 101 101 101 101 101 101 101 101 101 101 101 101 101 101 101 102 102 102 102 102 102 102 102 103 103 103 103 103 103 103 104 104 104 104 104 104 104 105 105 106 107 109 111 113 114 114 115 116 116 116 117 117 117 118 118 118 119 119 119 120 120 120 120 121 121 121 121 122 122 122 122 123 123 123 123 123 124 124 124 124 124 125 125 125 125 125 126 126 126 126 126
101 101 101 100 100 100 100 100 100 100 100 100 100 100 100 100 100 100 100 101 101 101 101 101 101 101 101 102 102 102 102 102 102 103 103 103 103 103 103 103 103 103 103 104 105 106 107 110 111 113 114 114 115 115 116 116 117 117 117 118 118 118 118 119 119 119 120 120 120 120 121 121 121 121 122 122 122 122 122 123 123 123 123 124 124 124 124 124 125 125 125 125 125 125 126 126
100 100 100 99 99 99 99 99 99 99 99 99 99 99 99 99 99 99 100 100 100 100 100 100 100 101 101 101 101 101 101 102 102 102 102 102 102 102 103 102 102 102 102 103 103 105 107 109 111 112 113 114 114 115 115 116 116 116 117 117 117 118 118 118 118 119 119 119 119 120 120 120 120 121 121 121 121 122 122 122 122 123 123 123 123 123 124 124 124 124 124 125 125 125 125 125
99 99 99 98 98 98 98 98 98 98 98 98 98 98 98 98 98 99 99 99 99 99 99 99 100 100 100 100 100 100 101 101 101 101 101 101 101 101 101 101 101 101 101 102 103 105 106 108 109 111 112 113 114 114 115 115 115 116 116 116 117 117 117 118 118 118 118 119 119 119 119 120 120 120 120 121 121 121 121 122 122 122 122 122 123 123 123 123 123 124 124 124 124 124 125 125
98 98 98 97 97 97 97 97 97 97 97 97 97 97 97 97 98 98 98 98 98 98 98 99 99 99 99 99 100 100 100 100 100 100 101 101 101 101 101 101 101 101 102 102 104 104 106 107 109 111 111 112 113 113 114 114 115 115 115 116 116 116 117 117 117 117 118 118 118 119 119 119 119 120 120 120 120 121 121 121 121 121 122 122 122 122 123 123 123 123 123 123 124 124 124 124
97 97 96 96 96 96 96 96 96 96 96 96 96 96 96 97 97 97 97 97 97 97 98 98 98 98 98 99 99 99 99 99 100 100 100 100 100 100 101 101 101 101 102 103 104 104 106 107 108 110 111 111 112 113 113 114 114 114 115 115 115 116 116 116 117 117 117 117 118 118 118 118 119 119 119 120 120 120 120 120 121 121 121 121 122 122 122 122 122 123 123 123 123 123 123 124
96 95 95 95 95 95 95 95 95 95 95 95 95 95 95 96 96 96 96 96 96 96 97 97 97 97 98 98 98 98 99 99 99 99 100 100 100 100 100 101 101 101 102 102 104 105 106 107 108 109 110 111 111 112 112 113 113 114 114 114 115 115 115 116 116 116 116 117 117 117 118 118 118 118 119 119 119 119 120 120 120 120 121 121 121 121 121 122 122 122 122 122 123 123 123 123
94 94 94 94 94 94 94 94 94 94 94 94 94 94 95 95 95 95 95 95 95 96 96 96 96 97 97 97 97 98 98 98 99 99 99 99 100 100 100 101 101 102 102 103 104 106 107 107 108 109 110 110 111 111 112 112 113 113 113 114 114 114 115 115 115 116 116 116 116 117 117 117 118 118 118 118 119 119 119 119 120 120 120 120 120 121 121 121 121 121 122 122 122 122 122 123
93 93 93 93 93 93 93 93 93 93 93 93 93 93 94 94 94 94 94 94 95 95 95 95 95 96 96 96 97 97 97 98 98 98 99 99 99 100 100 101 101 102 103 104 105 106 107 107 108 108 109 109 110 110 111 111 112 112 113 113 113 114 114 114 115 115 115 115 116 116 116 117 117 117 117 118 118 118 118 119 119 119 119 120 120 120 120 121 121 121 121 121 121 122 122 122
92 92 92 92 92 92 92 92 92 92 92 92 92 92 93 93 93 93 93 93 94 94 94 94 95 95 95 96 96 96 97 97 97 98 98 99 99 99 100 101 101 102 103 104 105 107 106 108 109 108 108 109 109 110 110 111 111 112 112 112 113 113 113 114 114 114 115 115 115 115 116 116 116 117 117 117 117 118 118 118 118 119 119 119 119 120 120 120 120 120 121 121 121 121 121 121
91 91 91 91 91 91 91 91 91 91 91 91 91 91 92 92 92 92 92 92 93 93 93 94 94 94 94 95 95 96 96 97 97 97 98 98 99 99 100 100 101 102 103 104 106 108 109 106 108 108 108 108 109 109 110 110 110 111 111 112 112 112 113 113 113 114 114 114 114 115 115 115 116 116 116 117 117 117 117 118 118 118 118 119 119 119 119 119 120 120 120 120 120 121 121 121
90 90 90 90 90 90 90 90 90 90 90 90 90 90 91 91 91 91 91 92 92 92 92 93 93 93 94 94 95 95 96 96 96 97 97 98 98 99 100 100 101 102 103 104 106 107 109 105 106 107 107 107 108 108 109 109 110 110 110 111 111 111 112 112 113 113 113 113 114 114 114 115 115 115 116 116 116 116 117 117 117 117 118 118 118 118 119 119 119 119 119 120 120 120 120 120
89 89 89 89 89 89 89 89 89 89 89 89 89 89 90 90 90 90 90 91 91 91 91 92 92 92 93 93 94 94 95 95 96 96 97 97 98 99 99 100 101 102 103 104 105 107 108 106 105 106 106 107 107 108 108 108 109 109 110 110 110 111 111 111 112 112 112 113 113 113 114 114 114 115 115 115 116 116 116 116 117 117 117 117 118 118 118 118 118 119 119 119 119 119 120 120
87 87 87 87 87 87 88 88 88 88 88 88 88 88 89 89 89 89 89 90 90 90 91 91 91 92 92 93 93 93 94 95 95 96 96 97 98 98 99 100 100 101 102 103 104 105 106 107 107 105 105 106 107 107 107 108 108 108 109 109 110 110 110 111 111 111 112 112 112 113 113 113 114 114 114 115 115 115 116 116 116 116 117 117 117 117 117 118 118 118 118 119 119 119 119 119
86 86 86 86 86 86 86 86 87 87 87 87 87 87 87 88 88 88 88 89 89 89 90 90 90 91 91 92 92 93 93 94 95 95 96 96 97 98 98 99 100 101 102 102 103 103 104 106 106 106 105 106 106 106 106 107 107 108 108 108 109 109 110 110 110 111 111 111 112 112 112 113 113 113 114 114 114 115 115 115 115 116 116 116 116 117 117 117 117 118 118 118 118 118 119 119
85 85 85 85 85 85 85 85 85 86 86 86 86 86 86 87 87 87 87 88 88 88 89 89 89 90 90 91 91 92 93 93 94 94 95 96 96 97 98 98 99 100 101 102 102 103 104 103 105 105 105 104 106 106 105 106 106 107 107 108 108 108 109 109 110 110 110 111 111 111 112 112 112 113 113 113 114 114 114 115 115 115 115 116 116 116 116 117 117 117 117 117 118 118 118 118
84 84 84 84 84 84 84 84 84 84 85 85 85 85 85 86 86 86 86 87 87 87 88 88 88 89 90 90 91 91 92 92 93 93 94 95 95 96 97 97 98 99 100 100 101 102 103 103 102 103 104 105 104 105 104 105 105 106 106 107 107 108 108 108 109 109 110 110 110 111 111 111 112 112 112 113 113 113 114 114 114 115 115 115 115 116 116 116 116 116 117 117 117 117 117 118
82 82 83 83 83 83 83 83 83 83 84 84 84 84 84 85 85 85 85 86 86 86 87 87 87 88 89 89 90 90 91 91 92 93 93 94 94 95 96 96 97 98 99 99 100 101 102 102 102 102 102 103 103 103 103 104 104 105 105 106 106 107 107 108 108 108 109 109 110 110 110 111 111 111 112 112 112 113 113 113 114 114 114 114 115 115 115 115 116 116 116 116 116 117 117 117
81 81 81 81 82 82 82 82 82 82 82 83 83 83 83 83 84 84 84 85 85 85 86 86 86 87 88 88 89 89 90 90 91 91 92 93 93 94 95 95 96 97 98 98 99 100 101 101 102 101 101 101 102 102 102 103 104 104 104 105 105 106 106 107 107 108 108 108 109 109 110 110 110 111 111 111 112 112 112 113 113 113 114 114 114 114 115 115 115 115 115 116 116 116 116 116
80 80 80 80 80 80 81 81 81 81 81 81 82 82 82 82 83 83 83 84 84 84 85 85 85 86 86 87 88 88 89 89 90 90 91 92 92 93 94 94 95 96 96 97 98 99 99 100 101 100 101 101 101 101 101 102 102 103 103 104 104 105 105 106 106 107 107 108 108 108 109 109 110 110 110 111 111 111 112 112 112 113 113 113 114 114 114 114 114 115 115 115 115 115 116 116
79 79 79 79 79 79 79 80 80 80 80 80 81 81 81 81 82 82 82 83 83 83 84 84 84 85 85 86 87 87 88 88 89 89 90 91 91 92 93 93 94 95 95 96 97 97 98 99 100 100 100 100 100 100 100 101 101 102 102 103 104 104 105 105 105 106 106 107 107 108 108 109 109 109 110 110 110 111 111 111 112 112 112 113 113 113 113 114 114 114 114 115 115 115 115 115
77 78 78 78 78 78 78 79 79 79 79 79 79 80 80 80 80 81 81 81 82 82 83 83 83 84 84 85 86 86 87 87 88 89 89 90 90 91 92 92 93 93 94 95 95 96 97 97 98 99 99 100 100 99 99 100 100 101 101 102 103 103 104 104 105 105 106 106 106 107 107 108 108 109 109 109 110 110 111 111 111 111 112 112 112 113 113 113 113 113 114 114 114 114 114 115
76 76 77 77 77 77 77 77 78 78 78 78 78 79 79 79 79 80 80 80 81 81 82 82 82 83 83 84 85 85 86 86 87 87 88 89 89 90 91 91 92 93 93 94 94 95 95 96 97 97 98 99 99 99 99 99 99 100 101 101 102 102 103 103 104 104 105 105 106 106 107 107 108 108 108 109 109 110 110 110 111 111 111 111 112 112 112 112 113 113 113 113 114 114 114 114
75 75 75 76 76 76 76 76 76 77 77 77 77 77 78 78 78 78 79 79 79 80 80 81 81 82 82 83 84 84 85 85 86 86 87 88 88 89 89 90 91 91 92 93 93 94 94 95 95 96 97 97 98 99 98 98 98 99 99 100 101 101 102 102 103 103 104 104 105 105 106 106 107 107 108 108 108 109 109 110 110 110 111 111 111 111 112 112 112 112 113 113 113 113 113 113
74 74 74 74 75 75 75 75 75 76 76 76 76 76 77 77 77 77 78 78 78 79 79 80 80 81 81 82 82 83 84 84 85 85 86 87 87 88 88 89 90 90 91 91 92 93 93 94 94 95 96 96 96 97 98 97 97 98 98 99 100 100 101 102 102 103 103 104 104 105 105 106 106 107 107 107 108 108 109 109 109 110 110 110 111 111 111 111 111 112 112 112 112 112 113 113
73 73 73 73 73 74 74 74 74 74 75 75 75 75 76 76 76 76 77 77 77 78 78 79 79 80 80 81 81 82 83 83 84 84 85 86 86 87 87 88 89 89 90 90 91 92 92 93 93 94 94 95 95 96 97 96 97 97 98 98 99 100 100 101 101 102 102 103 103 104 104 105 105 106 106 107 107 108 108 108 109 109 109 110 110 110 110 111 111 111 111 111 112 112 112 112
71 72 72 72 72 73 73 73 73 73 74 74 74 74 74 75 75 75 75 76 76 77 77 78 78 79 79 80 81 81 82 82 83 83 84 85 85 85 86 87 87 88 89 89 90 90 91 91 92 92 93 94 94 95 96 96 96 96 97 99 98 99 99 100 100 101 101 102 102 103 104 104 105 105 106 106 106 107 107 108 108 108 109 109 109 110 110 110 110 110 111 111 111 111 111 112
70 70 71 71 71 71 72 72 72 72 73 73 73 73 73 74 74 74 74 75 75 75 76 76 77 78 78 79 79 80 81 81 82 83 83 83 84 84 85 86 86 87 87 88 89 89 90 90 91 91 92 93 93 94 94 95 95 95 96 97 97 98 98 99 100 100 100 101 102 102 103 103 104 104 105 105 106 106 107 107 107 108 108 108 109 109 109 109 110 110 110 110 110 111 111 111
69 69 70 70 70 70 71 71 71 71 72 72 72 72 72 72 73 73 73 73 74 74 75 75 76 76 77 78 79 79 80 80 81 81 82 82 83 83 84 85 85 86 86 87 88 88 89 89 90 90 91 91 92 93 93 94 94 95 95 95 96 97 97 98 99 99 100 100 101 101 102 102 103 104 104 105 105 106 106 106 107 107 107 108 108 108 108 109 109 109 109 110 110 110 110 110
68 68 68 69 69 69 70 70 70 70 70 71 71 71 71 71 72 72 72 72 73 73 73 74 75 75 76 77 77 78 78 79 80 80 81 81 82 82 83 84 84 85 85 86 86 87 88 88 89 89 90 90 91 91 92 93 93 94 94 95 95 96 96 97 98 98 99 99 100 100 101 102 102 103 103 104 104 105 105 106 106 107 107 107 107 108 108 108 108 108 109 109 109 109 110 110
67 67 67 68 68 68 69 69 69 69 70 70 70 70 70 70 70 71 71 71 71 72 72 73 73 74 75 75 76 76 77 78 79 79 80 80 81 82 82 83 83 84 84 85 85 86 86 87 88 88 89 89 90 90 91 92 92 93 93 94 94 95 96 96 97 97 98 99 99 100 101 101 101 102 103 103 104 104 105 105 106 106 106 106 107 107 107 107 108 108 108 108 108 109 109 109
66 66 66 67 67 67 68 68 68 68 69 69 69 69 69 69 69 69 70 70 70 71 71 71 72 72 73 74 75 75 76 77 77 78 79 79 80 80 81 82 82 83 83 84 84 85 85 86 87 87 88 88 89 89 90 91 91 92 92 93 93 94 95 95 96 97 97 98 98 99 100 100 101 101 102 102 103 104 104 105 105 105 106 106 106 106 106 107 107 107 107 108 108 108 108 108
65 65 65 66 66 66 67 67 67 67 68 68 68 68 68 68 68 68 69 69 69 69 70 70 71 71 72 72 73 74 75 75 76 77 78 78 79 79 80 81 81 82 82 83 83 84 84 85 86 86 87 87 88 88 89 90 90 91 92 92 93 93 94 94 95 96 96 97 98 98 99 99 100 100 101 102 102 103 103 104 104 105 105 105 105 105 106 106 106 106 107 107 107 107 108 108
63 64 64 65 65 66 66 66 66 67 67 67 67 67 67 67 67 67 67 68 68 68 68 69 69 70 70 71 72 72 73 74 75 76 76 77 78 78 79 79 80 81 81 82 83 83 84 84 85 85 86 86 87 87 88 89 89 90 90 91 92 92 93 93 94 95 95 96 97 97 98 99 99 100 100 101 102 102 103 103 103 104 104 104 104 105 105 105 105 106 106 106 106 107 107 107
62 63 63 64 64 65 65 65 66 66 66 66 66 66 66 66 66 66 66 66 66 67 67 68 68 69 69 70 70 71 72 73 74 75 75 76 77 77 78 79 79 80 81 81 82 82 83 83 84 84 85 85 86 87 87 88 88 89 89 91 91 92 92 92 93 94 95 95 96 96 97 98 99 99 99 100 101 101 102 102 103 103 103 103 104 104 104 104 105 105 105 105 106 106 106 106
61 62 62 63 63 64 64 65 65 65 65 65 65 65 65 65 65 65 65 65 65 66 66 66 67 67 68 69 69 70 71 72 73 73 74 75 75 76 77 78 78 79 79 80 80 81 81 82 83 83 84 84 85 86 86 87 87 88 89 89 90 91 91 92 92 93 94 94 95 96 96 97 98 98 99 99 100 101 101 101 102 102 102 103 103 103 103 104 104 104 104 105 105 105 105 106
60 61 61 62 63 63 64 64 64 64 64 64 64 64 64 64 64 64 64 64 64 64 65 65 66 66 67 67 68 69 69 70 71 72 73 73 74 75 76 76 77 78 78 79 79 80 80 81 82 82 83 83 84 85 85 86 87 87 88 88 89 90 91 91 91 92 93 93 94 95 95 96 97 97 98 98 99 99 100 100 101 101 101 102 102 102 103 103 103 103 104 104 104 104 105 105
59 60 61 61 62 62 63 63 63 63 63 63 63 63 63 63 63 63 63 63 63 63 63 64 64 65 66 66 67 68 68 69 70 71 71 72 73 74 75 75 76 77 77 78 78 79 79 80 81 81 82 82 83 84 85 85 85 86 87 87 88 89 89 90 91 91 92 92 93 94 95 95 96 96 97 97 98 98 99 99 100 100 100 101 101 101 102 102 102 103 103 103 103 104 104 104
59 59 60 60 61 61 62 63 63 63 63 62 62 62 62 62 62 62 62 62 62 62 62 63 63 64 65 65 66 67 67 68 69 70 70 71 72 73 73 74 75 76 76 77 77 78 79 79 80 80 81 82 82 83 83 84 85 85 86 86 87 88 88 89 90 90 91 91 92 93 93 94 95 95 96 96 97 97 98 98 99 99 99 100 100 101 101 101 102 102 102 102 103 103 103 104
58 58 59 59 60 61 61 62 62 62 62 61 61 61 61 61 61 61 61 61 61 61 61 62 62 63 64 64 65 66 66 67 68 68 69 70 71 72 72 73 74 75 75 76 77 77 78 78 79 79 80 81 81 82 82 83 84 84 85 85 86 87 88 88 89 89 90 90 91 92 92 93 94 94 95 95 96 96 97 97 98 98 99 99 99 100 100 100 101 101 101 102 102 102 103 103
57 58 58 59 59 60 60 60 61 61 61 61 60 60 60 60 60 60 60 60 60 60 60 61 61 62 63 63 64 65 65 66 67 68 68 69 70 71 71 72 73 74 74 75 76 76 77 77 78 79 79 80 80 81 82 82 83 83 84 85 85 86 87 87 88 89 89 89 90 91 91 92 93 93 94 95 95 95 96 96 97 97 98 98 99 99 99 100 100 100 101 101 101 102 102 102
56 57 57 58 58 59 59 59 59 59 60 60 60 60 60 59 59 59 59 59 59 59 60 60 61 61 62 63 63 64 65 65 66 67 68 68 69 70 71 71 72 73 73 74 75 75 76 77 77 78 78 79 80 80 81 81 82 83 83 84 84 85 86 86 87 88 88 89 89 90 91 91 92 92 93 94 94 94 95 95 96 96 97 97 98 98 98 99 99 99 100 100 100 101 101 101
56 56 57 57 57 58 58 58 58 58 59 59 59 59 59 59 59 59 59 59 59 59 59 60 60 61 61 62 63 63 64 65 65 66 67 68 68 69 70 70 71 72 73 73 74 75 75 76 76 77 78 78 79 79 80 80 81 82 82 83 84 84 85 85 86 87 87 88 88 89 90 90 91 92 92 93 93 94 94 95 95 95 96 96 97 97 97 98 98 99 99 99 100 100 100 101
55 56 56 56 57 57 57 57 57 58 58 58 58 58 58 58 58 58 58 58 58 59 59 59 60 60 61 61 62 63 63 64 65 65 66 67 68 68 69 70 70 71 72 72 73 74 74 75 76 76 77 77 78 79 79 80 80 81 81 82 83 83 84 85 85 86 86 87 87 88 89 89 90 91 91 92 92 92 93 93 94 94 95 95 96 96 97 97 97 98 98 99 99 99 100 100
