MUSICEvapDataQueryTool/BOMEvapData/etapmay.txt
ncols         417
nrows         337
xllcorner     112.15
yllcorner     -43.8
cellsize      0.1
NODATA_value  -9999
[rows 55 to 109 of 337, columns 96 to 191 of 417]
124 124 124 125 125 125 125 125 126 126 126 126 126 127 127 127 127 127 128 128 128 128 128 129 129 129 129 129 129 130 129 129 130 130 129 130 130 130 129 129 129 129 129 129 129 129 129 129 129 129 129 130 130 130 131 131 131 131 131 132 132 132 132 132 133 133 133 134 134 134 134 133 133 133 132 132 131 131 131 130 130 129 129 129 128 128 128 128 128 128 127 127 127 127 126 126
123 123 124 124 124 124 124 124 125 125 125 125 125 126 126 126 126 126 127 127 127 127 128 128 128 128 128 128 129 129 128 128 129 129 129 129 129 129 129 129 128 128 128 128 128 128 128 128 129 129 129 129 129 130 130 130 130 130 130 131 131 131 131 131 132 132 132 133 133 133 133 132 132 132 131 131 130 130 129 129 129 128 128 128 128 127 127 127 127 127 126 126 126 126 125 125
122 123 123 123 123 123 123 124 124 124 124 124 125 125 125 125 125 126 126 126 126 126 127 127 127 127 128 127 128 128 128 128 128 128 128 128 128 128 128 128 128 128 128 128 128 128 128 128 128 128 128 128 129 129 129 129 129 129 129 130 130 130 130 130 131 131 131 132 131 132 131 131 131 131 130 130 129 129 129 128 128 128 127 127 127 127 126 126 126 126 126 126 125 125 125 124
122 122 122 122 122 122 123 123 123 123 123 124 124 124 124 124 124 125 125 125 125 126 126 126 126 126 127 127 127 127 127 127 127 127 128 127 127 127 128 127 127 128 128 127 127 127 127 127 127 127 128 128 128 128 128 128 128 128 128 129 129 129 129 129 130 130 130 130 130 130 130 130 130 129 129 129 128 128 127 127 127 127 126 126 126 126 126 125 125 125 125 125 124 124 124 123
121 121 121 121 121 122 122 122 122 122 122 123 123 123 123 123 124 124 124 124 124 125 125 125 125 126 126 126 126 126 126 126 126 127 127 127 127 127 127 127 127 127 127 127 127 127 127 127 127 127 127 127 127 127 127 127 127 127 127 128 128 128 128 128 128 129 129 128 129 129 129 129 129 128 128 127 127 127 126 126 126 126 125 125 125 125 125 125 125 124 124 124 124 123 123 123
120 120 120 120 121 121 121 121 121 121 122 122 122 122 122 123 123 123 123 123 123 124 124 124 125 125 125 125 125 125 125 125 126 126 126 126 126 127 127 127 126 126 126 126 126 126 126 126 126 126 126 126 126 126 126 126 126 126 127 127 127 127 127 127 128 128 128 128 128 128 128 128 127 127 126 126 126 126 125 125 125 125 124 124 124 124 124 124 124 124 123 123 123 123 123 122
119 119 119 119 120 120 120 120 120 121 121 121 121 121 122 122 122 122 122 122 122 123 123 123 123 124 124 124 125 125 125 125 125 125 126 126 126 126 126 126 126 126 126 126 126 126 126 126 126 126 126 126 126 126 126 125 125 125 126 126 126 126 126 126 126 126 126 126 127 127 127 126 126 126 125 125 125 125 125 125 124 124 123 123 123 123 123 123 123 123 123 123 123 122 122 121
118 118 118 119 119 119 119 119 119 120 120 120 120 120 121 121 121 121 121 121 121 122 122 122 122 123 123 123 123 124 124 124 124 124 125 125 125 125 125 126 125 125 125 126 125 125 125 125 125 125 125 125 125 125 125 124 125 125 124 125 124 125 125 125 125 125 125 125 125 125 125 125 125 125 124 124 124 124 124 123 123 122 122 122 122 122 122 122 122 122 122 122 122 122 121 121
117 117 118 118 118 118 118 118 119 119 119 119 119 120 120 120 120 120 120 120 120 121 121 121 121 122 122 122 122 123 123 123 123 124 124 124 124 125 125 125 125 125 125 125 125 125 124 124 124 124 124 124 124 124 124 124 123 123 123 124 123 124 124 124 124 124 124 124 124 124 124 124 124 123 123 123 123 123 123 122 122 122 121 121 121 121 121 121 121 121 121 121 121 121 120 120
116 117 117 117 117 117 117 118 118 118 118 118 118 119 119 119 119 119 119 119 120 120 120 120 121 121 121 121 122 122 122 122 123 123 123 123 124 124 124 124 125 125 125 125 125 124 124 124 123 123 123 123 123 123 123 123 122 122 123 123 122 123 123 123 123 122 123 123 123 123 123 123 122 122 122 122 122 122 121 121 121 120 120 120 120 120 120 120 120 120 120 120 120 120 119 119
116 116 116 116 116 116 117 117 117 117 117 117 117 118 118 118 118 119 119 119 119 119 119 120 120 120 120 120 121 121 121 121 122 122 122 122 123 123 123 124 124 124 125 124 124 123 123 123 123 123 122 122 122 122 122 121 122 122 122 121 122 122 122 122 122 122 122 122 122 122 122 121 121 121 121 121 121 120 120 120 120 119 119 119 119 119 119 119 119 119 119 119 119 119 118 118
115 115 115 115 115 115 116 116 116 116 116 116 116 117 117 117 117 118 118 118 118 118 118 119 119 119 119 119 120 120 120 121 121 121 121 122 122 122 123 123 123 123 124 123 123 123 122 122 122 122 121 121 121 121 121 121 121 121 120 121 121 120 120 121 121 121 121 121 121 120 120 120 120 120 119 119 119 119 119 119 118 118 118 118 118 118 118 118 118 118 118 118 118 118 117 117
114 114 114 114 114 115 115 115 115 115 115 115 116 116 116 116 116 117 117 117 117 117 117 118 118 118 118 119 119 119 119 120 120 120 120 121 121 121 122 122 122 122 123 122 122 122 121 121 121 121 120 120 120 120 120 119 120 119 119 119 119 119 119 120 120 119 119 119 119 119 119 119 119 118 118 118 118 118 118 117 117 117 117 117 117 117 117 117 117 117 117 117 117 117 117 116
113 113 113 113 114 113 114 114 114 114 114 114 115 115 115 115 116 116 116 116 116 116 117 117 117 117 117 118 118 118 119 119 119 119 119 120 120 120 121 121 121 121 121 121 121 121 121 120 120 120 119 119 119 119 119 119 119 118 118 118 118 118 118 118 118 118 118 118 118 118 118 118 118 117 117 117 117 116 116 116 116 116 116 116 116 116 116 116 116 116 116 116 116 116 116 115
112 112 112 113 113 113 113 113 113 113 113 113 114 114 114 114 115 115 115 115 115 115 116 116 116 116 116 117 117 117 117 118 118 118 118 118 119 119 120 120 120 120 120 120 120 120 120 119 119 119 118 118 118 118 118 118 117 117 117 117 117 117 117 117 117 117 117 116 116 116 117 116 116 116 116 116 115 115 115 115 115 115 115 115 115 115 115 115 115 115 115 115 115 115 114 114
111 111 112 112 112 112 112 112 112 112 112 113 113 113 113 113 114 114 114 114 114 114 115 115 115 115 116 116 116 116 117 117 117 117 117 118 117 118 118 119 119 119 119 119 119 119 118 118 118 118 117 117 117 117 117 116 116 116 116 116 116 116 116 116 116 116 116 116 115 115 115 115 115 115 115 114 114 114 114 114 114 113 113 113 113 113 114 114 114 114 114 114 114 114 113 113
110 111 111 111 111 111 111 111 111 111 111 112 112 112 112 112 113 113 113 113 113 113 114 114 114 114 115 115 115 115 116 116 116 116 117 116 116 116 117 117 118 118 118 118 118 117 117 117 117 117 117 116 116 116 115 115 115 115 115 115 115 115 115 115 114 114 114 114 114 114 114 114 114 114 113 113 113 113 113 113 112 112 112 112 112 112 112 112 112 113 113 113 113 113 112 112
110 110 110 110 110 110 110 110 110 110 110 111 111 111 111 111 112 112 112 112 112 112 113 113 113 113 114 114 114 114 115 115 115 115 116 116 116 116 116 116 116 117 117 116 116 116 116 116 116 116 115 115 115 114 114 114 114 114 114 114 114 114 114 113 113 113 113 113 113 113 113 113 112 112 112 112 112 111 111 111 111 111 111 111 111 111 111 111 111 111 112 112 112 112 111 111
109 109 109 109 109 109 109 109 109 109 110 110 110 110 110 110 111 111 111 111 111 111 112 112 112 112 113 113 113 113 113 114 114 114 114 115 115 115 115 115 115 116 115 115 115 115 115 115 115 114 114 114 114 114 113 113 113 113 113 113 113 113 112 112 112 112 112 112 112 112 111 111 111 110 110 110 110 110 110 110 110 110 109 110 110 110 110 110 110 110 110 110 110 110 110 110
108 108 108 108 108 108 108 108 108 109 109 109 109 109 109 110 110 110 110 110 110 110 111 111 111 111 111 112 112 112 112 113 113 113 113 113 114 114 114 114 114 114 114 114 114 114 114 113 113 113 113 113 113 113 112 112 112 112 112 112 111 111 111 111 111 111 111 111 111 110 110 110 109 109 109 109 109 109 108 108 108 108 108 108 108 108 108 108 109 109 109 109 109 109 109 108
107 107 107 107 107 107 107 107 108 108 108 108 108 108 108 109 109 109 109 109 109 109 110 110 110 110 110 111 111 111 111 112 112 112 112 112 113 113 113 113 113 113 113 113 113 113 112 113 112 112 112 112 112 111 111 111 111 111 111 110 110 110 110 110 110 110 110 109 109 109 109 108 108 108 108 108 107 107 107 107 107 107 107 107 107 107 107 107 107 107 107 107 107 107 107 107
106 106 106 106 106 106 106 107 107 107 107 107 107 107 108 108 108 108 108 108 108 108 109 109 109 109 109 110 110 110 110 111 111 111 111 111 111 112 112 112 112 112 112 112 112 112 112 112 111 111 111 111 111 110 110 110 110 109 109 109 109 109 109 109 109 108 108 108 108 107 107 107 107 107 106 106 106 106 106 106 106 106 106 106 106 106 106 106 106 106 106 106 106 106 106 106
105 105 105 106 105 106 106 106 106 106 106 106 106 106 107 107 107 107 107 107 107 107 108 108 108 108 108 109 109 109 109 109 110 110 110 110 110 110 111 111 111 111 111 111 111 111 111 110 110 110 110 110 109 109 109 109 109 108 108 108 108 108 107 107 107 107 107 107 106 106 106 106 105 105 105 105 105 105 105 104 104 104 104 104 104 104 104 104 104 104 104 104 104 104 104 104
104 104 105 105 105 105 105 105 105 105 105 105 105 106 106 106 106 106 106 106 106 107 107 107 107 107 107 108 108 108 108 108 109 109 109 109 109 109 110 110 110 110 110 110 110 109 109 109 109 109 109 108 108 108 108 108 107 107 107 107 107 106 106 106 106 106 106 105 105 105 105 104 104 104 104 104 103 103 103 103 103 103 103 103 103 103 103 103 103 103 103 103 103 103 103 103
103 104 104 104 104 104 104 104 104 104 104 104 104 105 105 105 105 105 105 105 106 106 106 106 106 106 106 107 107 107 107 107 108 108 108 108 108 108 108 109 109 109 109 108 108 108 108 108 108 108 108 107 107 107 107 107 106 106 106 106 105 105 105 105 105 104 104 104 104 104 103 103 103 103 102 102 102 102 102 102 102 101 101 101 101 101 101 101 101 101 101 101 102 102 101 101
103 103 103 103 103 103 103 103 103 103 103 103 103 104 104 104 104 104 104 104 105 105 105 105 105 105 105 106 106 106 106 106 107 107 107 107 107 107 107 107 107 107 107 107 107 107 107 107 107 107 107 106 106 106 106 105 105 105 105 105 104 104 104 104 103 103 103 103 102 102 102 102 102 101 101 101 101 101 100 100 100 100 100 100 100 100 100 100 100 100 100 100 100 100 100 100
102 102 102 102 102 102 102 102 102 102 102 102 103 103 103 103 103 103 103 104 104 104 104 104 104 104 105 105 105 105 105 105 106 106 106 106 106 106 106 106 106 106 106 106 106 106 106 106 106 106 105 105 105 105 104 104 104 104 104 103 103 103 103 102 102 102 102 101 101 101 101 100 100 100 100 100 99 99 99 99 99 99 98 98 98 98 98 98 98 98 99 99 99 99 99 99
101 101 101 101 101 101 101 101 101 101 101 101 102 102 102 102 102 102 102 103 103 103 103 103 103 103 104 104 104 104 104 104 105 105 105 105 105 105 105 105 105 105 105 105 105 105 105 105 105 104 104 104 104 104 103 103 103 103 102 102 102 102 102 101 101 101 100 100 100 100 99 99 99 99 98 98 98 98 98 98 97 97 97 97 97 97 97 97 97 97 97 97 97 97 97 97
100 100 100 100 100 100 100 100 100 100 101 101 101 101 101 101 101 101 102 102 102 102 102 102 102 102 103 103 103 103 103 103 104 104 104 104 104 104 104 104 104 104 104 104 104 104 104 104 104 103 103 103 103 102 102 102 102 101 101 101 101 101 100 100 100 100 99 99 99 98 98 98 98 97 97 97 97 96 96 96 96 96 96 96 96 95 95 96 96 96 96 96 96 96 96 96
99 99 99 99 99 99 99 99 99 99 100 100 100 100 100 100 100 100 101 101 101 101 101 101 101 101 102 102 102 102 102 102 102 102 103 103 103 103 103 103 103 103 103 103 103 103 103 102 102 102 102 102 102 101 101 101 101 100 100 100 100 99 99 99 99 98 98 98 97 97 97 96 96 96 96 95 95 95 95 95 95 94 94 94 94 94 94 94 94 94 94 94 95 95 95 95
98 98 98 98 98 98 98 98 99 99 99 99 99 99 99 99 99 100 100 100 100 100 100 100 100 101 101 101 101 101 101 101 101 101 101 102 102 102 102 102 102 102 102 102 102 102 101 101 101 101 101 101 100 100 100 100 99 99 99 99 98 98 98 98 97 97 97 96 96 96 95 95 95 95 94 94 94 94 93 93 93 93 93 93 93 93 93 93 93 93 93 93 93 93 93 94
97 97 97 97 97 97 97 98 98 98 98 98 98 98 98 98 99 99 99 99 99 99 99 99 99 100 100 100 100 100 100 100 101 101 100 101 101 101 101 101 101 101 101 101 101 100 100 100 100 100 100 99 99 99 99 98 98 98 98 98 97 97 97 96 96 96 96 95 95 95 94 94 94 93 93 93 93 92 92 92 92 91 91 91 91 91 91 91 91 92 92 92 92 92 92 92
96 96 96 96 96 97 97 97 97 97 97 97 97 97 97 98 98 98 98 98 98 98 98 98 99 99 99 99 99 99 99 99 100 100 100 100 100 100 100 100 100 100 100 100 100 99 99 99 99 99 99 98 98 98 98 97 97 97 97 96 96 96 96 95 95 95 94 94 94 93 93 93 92 92 92 91 91 91 91 90 90 90 90 90 90 90 90 90 90 90 90 90 91 91 91 91
95 95 95 96 96 96 96 96 96 96 96 96 96 96 97 97 97 97 97 97 97 97 98 98 98 98 98 98 98 98 98 98 98 99 99 99 99 99 99 99 99 99 99 99 98 98 98 98 98 98 98 97 97 97 96 96 96 96 96 95 95 95 94 94 94 94 93 93 92 92 92 91 91 91 90 90 90 89 89 89 89 89 89 89 88 88 89 89 89 89 89 89 89 89 90 90
94 95 95 95 95 95 95 95 95 95 95 95 96 96 96 96 96 96 96 96 96 97 97 97 97 97 97 97 97 97 97 97 97 98 98 98 98 98 98 98 98 98 98 98 97 97 97 97 97 97 96 96 96 96 95 95 95 95 95 94 94 94 93 93 93 92 92 92 91 91 90 90 90 89 89 89 88 88 88 88 87 87 87 87 87 87 87 87 87 88 88 88 88 88 88 89
94 94 94 94 94 94 94 94 94 94 95 95 95 95 95 95 95 95 95 95 96 96 96 96 96 96 96 96 96 96 96 96 97 97 97 97 97 97 97 97 97 97 97 96 96 96 96 96 96 96 95 95 95 95 94 94 94 94 93 93 93 93 92 92 91 91 91 90 90 90 89 89 88 88 88 87 87 87 86 86 86 86 86 86 86 86 86 86 86 86 86 87 87 87 87 87
93 93 93 93 93 93 93 93 94 94 94 94 94 94 94 94 94 94 95 95 95 95 95 95 95 95 95 95 95 95 95 96 96 96 96 96 96 96 96 96 96 96 96 95 95 95 95 95 95 95 94 94 94 94 93 93 93 93 92 92 92 91 91 91 90 90 90 89 89 88 88 87 87 87 86 86 86 85 85 85 85 84 84 84 84 84 84 85 85 85 85 85 86 86 86 86
92 92 92 92 92 92 92 93 93 93 93 93 93 93 93 93 93 94 94 94 94 94 94 94 94 94 94 95 95 95 95 95 95 95 95 95 95 95 95 95 95 95 95 94 94 94 94 94 94 94 93 93 93 93 92 92 92 92 91 91 91 90 90 90 89 89 89 88 88 87 87 86 86 86 85 85 84 84 84 83 83 83 83 83 83 83 83 83 84 84 84 84 84 85 85 85
91 91 91 91 92 92 92 92 92 92 92 92 92 92 92 93 93 93 93 93 93 93 93 93 93 93 94 94 94 94 94 94 94 94 94 94 94 94 94 94 94 94 94 93 93 93 93 93 93 93 92 92 92 92 91 91 91 91 90 90 90 89 89 89 88 88 87 87 87 86 86 85 85 84 84 84 83 83 82 82 82 82 81 81 82 82 82 82 82 83 83 83 83 84 84 84
90 90 90 90 91 91 91 91 91 91 91 91 91 92 92 92 92 92 92 92 92 92 92 92 92 93 93 93 93 93 93 93 93 93 93 93 93 93 93 93 93 93 93 93 92 92 92 92 92 92 91 91 91 91 90 90 90 90 89 89 89 88 88 88 87 87 86 86 86 85 85 84 84 83 83 82 82 81 81 81 80 80 80 80 80 80 81 81 81 81 82 82 82 82 83 83
89 89 90 90 90 90 90 90 90 90 90 90 91 91 91 91 91 91 91 91 91 91 91 92 92 92 92 92 92 92 92 92 92 92 92 92 92 92 92 92 92 92 92 92 92 91 91 91 91 91 90 90 90 90 90 89 89 89 88 88 88 87 87 87 86 86 85 85 84 84 84 83 83 82 82 81 81 80 80 79 79 79 79 79 79 79 79 80 80 80 80 81 81 81 82 82
89 89 89 89 89 89 89 89 89 90 90 90 90 90 90 90 90 90 90 90 90 91 91 91 91 91 91 91 91 91 91 91 91 91 91 91 91 91 91 91 91 91 91 91 91 90 90 90 90 90 89 89 89 89 89 88 88 88 87 87 87 86 86 86 85 85 84 84 83 83 82 82 82 81 81 80 80 79 79 78 78 77 77 77 77 78 78 78 79 79 79 80 80 80 81 81
88 88 88 88 88 88 88 89 89 89 89 89 89 89 89 89 89 89 89 90 90 90 90 90 90 90 90 90 90 90 90 90 90 90 90 90 90 90 90 90 90 90 90 90 90 90 89 89 89 89 89 88 88 88 88 87 87 87 87 86 86 85 85 85 84 84 83 83 82 82 81 81 80 80 79 79 78 78 77 77 76 76 76 76 76 76 77 77 78 78 78 79 79 79 80 80
87 87 87 87 87 87 88 88 88 88 88 88 88 88 88 88 88 88 89 89 89 89 89 89 89 89 89 89 89 89 89 89 90 89 89 89 89 89 89 89 89 89 89 89 89 89 88 88 88 88 88 87 87 87 87 87 86 86 86 85 85 84 84 84 83 83 82 82 81 81 81 80 79 79 78 78 77 77 76 76 75 75 75 75 75 75 76 76 77 77 77 78 78 79 79 79
86 86 86 86 86 87 87 87 87 87 87 87 87 87 87 88 88 88 88 88 88 88 88 88 88 88 88 88 88 88 89 89 89 89 89 89 89 88 88 88 88 88 88 88 88 88 88 87 87 87 87 87 86 86 86 86 85 85 85 84 84 84 83 83 82 82 82 81 81 80 80 79 79 78 78 77 76 76 75 75 74 74 73 73 74 74 75 75 76 76 77 77 77 78 78 79
85 85 85 85 86 86 86 86 86 86 86 86 87 87 87 87 87 87 87 87 87 87 87 87 87 87 88 88 88 88 88 88 88 88 88 88 88 88 88 88 87 87 87 87 87 87 87 86 86 86 86 86 86 85 85 85 85 84 84 83 83 83 82 82 82 81 81 80 80 79 79 78 78 77 77 76 76 75 74 74 73 73 72 72 73 73 74 74 75 75 76 76 77 77 77 78
84 84 85 85 85 85 85 85 85 85 86 86 86 86 86 86 86 86 86 86 86 86 87 87 87 87 87 87 87 87 87 87 87 87 87 87 87 87 87 87 87 87 86 86 86 86 86 86 85 85 85 85 85 84 84 84 84 83 83 83 82 82 81 81 81 80 80 80 79 79 78 78 77 77 76 75 75 74 74 73 73 72 72 72 72 73 73 74 74 75 75 76 76 76 77 77
84 84 84 84 84 84 84 84 84 85 85 85 85 85 85 85 85 85 85 86 86 86 86 86 86 86 86 86 86 86 86 86 86 86 86 86 86 86 86 86 86 86 86 85 85 85 85 85 85 84 84 84 84 84 83 83 83 83 82 82 81 81 81 80 80 80 79 79 78 78 77 77 76 76 75 75 74 74 73 73 72 72 72 72 72 72 73 73 74 74 75 75 75 76 76 76
83 83 83 83 83 83 83 84 84 84 84 84 84 84 84 84 85 85 85 85 85 85 85 85 85 85 85 85 85 85 85 85 85 85 85 85 85 85 85 85 85 85 85 85 84 84 84 84 84 84 83 83 83 83 83 82 82 82 81 81 81 80 80 80 79 79 78 78 78 77 77 76 76 75 75 74 74 73 73 72 72 72 71 71 72 72 72 73 73 74 74 74 75 75 76 76
82 82 82 82 83 83 83 83 83 83 83 83 83 83 84 84 84 84 84 84 84 84 84 84 84 84 84 84 84 84 84 84 85 85 84 84 84 84 84 84 84 84 84 84 84 84 83 83 83 83 83 82 82 82 82 82 81 81 81 80 80 80 79 79 79 78 78 77 77 76 76 76 75 75 74 74 73 73 72 72 72 71 71 71 71 72 72 72 73 73 74 74 74 75 75 75
81 81 81 81 82 82 82 82 82 82 83 83 83 83 83 83 83 83 83 83 83 83 83 84 84 84 84 84 84 84 84 84 84 84 84 84 84 84 83 83 83 83 83 83 83 83 83 82 82 82 82 82 81 81 81 81 80 80 80 80 79 79 79 78 78 77 77 77 76 76 76 75 75 74 74 73 73 72 72 72 72 71 71 71 71 72 72 72 72 73 73 74 74 74 75 75
80 80 81 81 81 81 81 81 82 82 82 82 82 82 82 82 82 82 82 83 83 83 83 83 83 83 83 83 83 83 83 83 83 83 83 83 83 83 83 83 83 82 82 82 82 82 82 82 82 81 81 81 81 80 80 80 80 79 79 79 79 78 78 78 77 77 76 76 76 75 75 75 74 74 73 73 73 72 72 72 71 71 71 71 71 71 72 72 72 73 73 73 74 74 74 74
79 80 80 80 80 80 80 81 81 81 81 81 81 81 81 82 82 82 82 82 82 82 82 82 82 82 82 82 82 82 82 82 82 82 82 82 82 82 82 82 82 82 82 82 81 81 81 81 81 81 80 80 80 80 79 79 79 79 78 78 78 78 77 77 77 76 76 76 75 75 74 74 74 73 73 73 72 72 72 71 71 71 71 71 71 71 71 72 72 72 73 73 73 74 74 74
79 79 79 79 79 80 80 80 80 80 80 80 80 81 81 81 81 81 81 81 81 81 81 81 81 81 82 82 81 81 82 82 81 81 81 81 81 81 81 81 81 81 81 81 81 81 80 80 80 80 80 79 79 79 79 79 78 78 78 77 77 77 77 76 76 76 75 75 75 74 74 74 73 73 73 72 72 72 71 71 71 71 71 71 71 71 71 72 72 72 72 73 73 73 73 74
78 78 78 79 79 79 79 79 79 79 80 80 80 80 80 80 80 80 80 80 80 81 81 81 81 81 81 81 81 81 81 81 81 81 81 81 81 81 81 80 80 80 80 80 80 80 80 80 79 79 79 79 79 78 78 78 78 78 77 77 77 76 76 76 75 75 75 75 74 74 74 73 73 73 72 72 72 71 71 71 71 71 71 71 71 71 71 71 72 72 72 72 73 73 73 73
