MUSICEvapDataQueryTool/BOMEvapData/etapoct.txt
ncols         417
nrows         337
xllcorner     112.15
yllcorner     -43.8
cellsize      0.1
NODATA_value  -9999
[rows 168 to 209 of 337, columns 282 to 375 of 417]
139 139 139 139 139 138 138 138 138 138 138 138 138 138 138 138 138 137 137 137 137 137 137 137 137 137 137 137 137 137 137 136 136 136 136 136 137 137 137 137 137 137 138 138 138 139 139 140 140 140 141 141 142 142 143 143 143 144 144 144 144 144 144 144 144 144 144 144 144 144 144 144 144 145 145 146 146 147 148 148 149 150 151 151 152 152 151 151 151 151 151 151 151 151
139 139 138 138 138 138 138 138 138 137 137 137 137 137 137 137 137 137 137 136 136 136 136 136 136 136 136 136 136 136 136 136 136 136 136 136 136 136 136 137 137 137 137 138 138 138 139 139 140 140 140 141 141 142 142 143 143 143 143 144 144 144 144 144 144 144 144 144 144 144 144 145 145 145 145 146 147 147 148 149 149 150 151 151 151 151 150 150 150 150 150 150 150 150
138 138 138 138 138 137 137 137 137 137 137 137 137 136 137 137 137 136 136 136 136 136 136 136 136 136 136 136 136 136 135 135 135 136 136 136 136 136 136 136 136 137 137 137 138 138 138 139 139 140 140 140 141 141 142 142 142 143 143 143 143 143 144 144 144 144 144 144 144 144 144 145 145 145 146 146 147 147 148 149 149 150 150 150 150 150 149 149 149 149 150 150 150 150
138 138 138 137 137 137 137 136 136 136 136 136 136 136 136 136 136 136 136 136 135 135 135 135 135 135 135 135 135 135 135 135 135 135 135 135 135 136 136 136 136 136 136 137 137 138 138 138 139 139 140 140 140 141 141 142 142 142 142 143 143 143 143 143 144 144 144 144 144 144 144 145 145 145 146 146 147 148 148 149 149 150 150 150 150 149 149 149 149 149 149 149 149 149
137 137 137 137 137 136 136 136 136 136 136 136 136 136 135 135 135 135 135 135 135 135 135 135 135 135 135 135 135 134 134 134 135 135 135 135 135 135 135 136 136 136 136 136 137 137 137 138 138 139 139 139 140 140 141 141 141 142 142 142 142 143 143 143 143 143 143 144 144 144 144 145 145 145 146 146 147 148 148 149 149 150 150 150 150 149 149 149 149 149 149 149 149 148
137 137 137 136 136 136 136 136 136 136 136 135 135 135 135 135 135 135 134 134 134 134 134 134 134 134 134 134 134 134 134 134 134 134 134 135 135 135 135 135 135 135 136 136 136 137 137 138 138 138 138 139 139 140 140 141 141 141 142 142 142 142 142 143 143 143 143 144 144 144 144 145 145 146 146 147 147 148 148 149 149 150 150 150 150 150 149 149 149 149 149 148 148 148
137 136 136 136 136 136 136 135 135 135 135 135 135 135 134 134 134 134 134 134 134 134 134 134 134 134 134 134 134 134 134 134 134 134 134 134 134 134 135 135 135 135 135 136 136 136 137 137 138 138 138 139 139 139 140 140 140 141 141 141 142 142 142 142 143 143 143 143 144 144 144 145 145 146 146 147 147 148 148 149 150 150 150 150 150 150 149 149 149 149 148 148 148 148
136 136 136 136 135 135 135 135 135 134 134 134 134 134 134 134 134 134 134 133 133 133 133 133 133 133 133 133 133 133 133 133 133 133 134 134 134 134 134 134 135 135 135 135 136 136 136 137 137 137 138 138 139 139 139 140 140 140 141 141 141 141 142 142 142 142 143 143 143 144 144 145 145 145 146 147 147 148 149 149 150 150 150 150 150 150 149 149 149 149 148 148 148 148
136 136 135 135 135 135 134 134 134 134 134 134 134 133 133 133 133 133 133 133 133 133 133 133 133 133 132 132 132 133 133 133 133 133 133 133 133 134 134 134 134 134 135 135 135 136 136 136 137 137 137 138 138 139 139 139 140 140 140 141 141 141 141 142 142 142 142 143 143 144 144 144 145 145 146 147 147 148 149 149 150 150 151 151 150 150 149 149 149 149 148 148 148 148
135 135 135 135 134 134 134 134 133 133 133 133 133 133 133 133 133 132 132 132 132 132 132 132 132 132 132 132 132 132 132 132 133 133 133 133 133 133 133 134 134 134 134 135 135 135 136 136 136 136 137 137 138 138 138 139 139 139 140 140 140 141 141 141 142 142 142 143 143 143 144 144 145 145 146 146 147 148 149 149 150 151 151 151 150 150 150 149 149 148 148 148 147 147
135 135 134 134 134 134 133 133 133 133 133 133 132 132 132 132 132 132 132 132 132 132 131 131 131 131 131 131 131 132 132 132 132 132 132 132 133 133 133 133 133 134 134 134 135 135 135 136 136 136 137 137 137 138 138 138 139 139 139 140 140 140 141 141 141 141 142 142 143 143 143 144 144 145 145 146 147 148 148 149 150 151 151 151 150 150 149 149 149 148 148 147 147 147
134 134 134 134 133 133 133 133 132 132 132 132 132 132 132 132 131 131 131 131 131 131 131 131 131 131 131 131 131 131 131 131 131 132 132 132 132 132 133 133 133 133 133 134 134 135 135 135 135 136 136 137 137 137 138 138 138 139 139 139 140 140 140 140 141 141 141 142 142 143 143 144 144 144 145 146 146 147 148 149 150 150 151 151 150 150 149 149 148 148 147 147 147 147
134 134 133 133 133 133 132 132 132 132 131 131 131 131 131 131 131 131 130 130 130 130 130 130 130 130 130 131 131 131 131 131 131 131 131 131 132 132 132 132 132 133 133 133 134 134 134 135 135 135 136 136 136 137 137 137 138 138 138 139 139 139 140 140 140 141 141 141 142 142 143 143 144 144 145 145 146 147 147 148 149 149 150 150 149 149 149 148 148 147 147 147 147 146
133 133 133 133 132 132 132 132 131 131 131 131 131 130 130 130 130 130 130 129 130 130 130 130 130 130 130 130 130 130 130 130 130 131 131 131 131 131 132 132 132 132 132 133 133 134 134 134 135 135 135 136 136 136 137 137 137 138 138 138 139 139 139 140 140 140 141 141 141 142 142 143 143 144 144 145 145 146 147 147 148 148 149 149 149 148 148 148 147 147 147 147 146 146
133 133 132 132 132 132 131 131 131 131 130 130 130 130 130 130 129 129 129 129 129 129 129 129 130 130 130 130 130 130 130 130 130 130 130 130 131 131 131 132 132 132 132 133 133 133 134 134 134 134 135 135 136 136 136 137 137 137 138 138 138 139 139 139 140 140 140 141 141 141 142 142 142 143 143 144 145 145 146 146 147 147 147 148 148 147 147 147 147 147 146 146 146 146
132 132 132 132 131 131 131 130 130 130 130 130 129 129 129 129 129 129 129 129 129 129 129 129 129 129 129 129 129 129 129 130 129 130 130 130 130 131 131 131 131 131 132 132 133 133 133 134 134 134 134 135 135 136 136 136 137 137 137 138 138 138 139 139 139 139 140 140 140 141 141 141 142 142 143 143 144 144 145 145 146 146 146 146 147 147 146 146 146 146 146 146 145 145
132 132 131 131 131 130 130 130 130 130 129 129 129 129 129 128 128 128 128 128 128 128 128 128 128 129 129 129 129 129 129 129 129 129 129 130 130 130 130 131 131 131 132 132 132 132 133 133 133 134 134 134 135 135 135 136 136 136 137 137 137 138 138 138 139 139 139 140 140 140 141 141 141 142 142 142 143 143 144 144 145 145 145 145 146 146 146 146 146 146 145 145 145 145
131 131 131 130 130 130 130 129 129 129 129 129 128 128 128 128 128 128 128 128 128 128 128 128 128 128 128 128 128 128 128 129 129 129 129 129 129 130 130 130 130 131 131 131 132 132 132 133 133 133 134 134 134 135 135 135 136 136 136 137 137 137 138 138 138 139 139 139 139 140 140 140 141 141 141 142 142 142 143 143 143 144 144 144 145 145 145 145 145 145 145 145 145 144
131 130 130 130 130 129 129 129 129 128 128 128 128 127 127 127 127 127 127 127 127 127 127 127 127 128 128 128 128 128 128 128 128 128 129 129 129 129 129 130 130 130 131 131 131 132 132 132 133 133 133 134 134 134 135 135 135 136 136 136 137 137 137 137 138 138 138 139 139 139 139 140 140 140 140 141 141 141 142 142 142 143 143 143 143 144 144 144 144 144 144 144 144 144
130 130 130 129 129 129 129 128 128 128 128 127 127 127 127 127 126 127 127 127 127 127 127 127 127 127 127 127 127 127 128 128 128 128 128 128 128 129 129 129 130 130 130 131 131 131 132 132 132 133 133 133 134 134 134 135 135 135 136 136 136 136 137 137 137 137 138 138 138 138 139 139 139 139 139 140 140 140 140 141 141 141 142 142 142 143 143 143 144 144 144 144 144 144
130 129 129 129 129 128 128 128 128 127 127 127 126 126 126 126 126 126 126 126 126 126 126 126 126 126 127 127 127 127 127 127 127 127 128 128 128 128 129 129 129 130 130 130 130 131 131 131 132 132 133 133 133 134 134 134 135 135 135 135 136 136 136 137 137 137 137 137 138 138 138 138 138 138 139 139 139 139 139 140 140 140 141 141 141 142 142 143 143 143 143 143 144 143
129 129 129 128 128 128 127 127 127 127 127 126 126 126 126 125 125 125 125 126 126 126 126 126 126 126 126 126 126 126 127 127 127 127 127 127 128 128 128 129 129 129 130 130 130 130 131 131 131 132 132 133 133 133 134 134 134 135 135 135 135 136 136 136 136 136 137 137 137 137 137 137 137 137 138 138 138 138 138 138 139 139 139 140 140 141 141 142 142 143 143 143 143 143
129 128 128 128 128 127 127 127 127 126 126 126 125 125 125 125 125 125 125 125 125 125 125 125 125 126 126 126 126 126 126 126 126 127 127 127 127 127 128 128 128 129 129 129 130 130 130 131 131 131 132 132 133 133 133 134 134 134 134 135 135 135 135 136 136 136 136 136 136 136 137 137 137 137 137 137 137 137 137 137 138 138 138 139 139 140 140 141 142 142 142 143 143 143
128 128 128 127 127 127 127 126 126 126 126 125 125 125 125 124 124 124 124 124 125 125 125 125 125 125 125 125 125 126 126 126 126 126 126 126 127 127 127 128 128 128 129 129 129 130 130 130 131 131 131 132 132 132 133 133 133 134 134 134 135 135 135 135 135 136 136 136 136 136 136 136 136 136 136 136 136 136 136 136 136 137 137 138 138 139 140 140 141 141 142 142 143 143
128 127 127 127 127 126 126 126 126 125 125 125 124 124 124 124 124 124 124 124 124 124 124 124 125 125 125 125 125 125 125 125 125 126 126 126 126 127 127 127 128 128 128 129 129 129 130 130 130 131 131 131 132 132 132 133 133 133 134 134 134 134 135 135 135 135 135 135 135 135 135 135 135 135 135 135 135 135 135 135 135 135 136 136 137 138 139 140 140 141 142 142 143 143
127 127 127 126 126 126 126 126 125 125 125 124 124 124 124 123 123 123 123 124 124 124 124 124 124 124 124 124 124 125 125 125 125 125 125 126 126 126 127 127 127 128 128 128 129 129 129 130 130 130 131 131 131 132 132 132 133 133 133 134 134 134 134 134 135 135 135 135 135 134 134 134 134 134 134 134 134 134 134 134 134 134 135 135 136 137 138 139 140 140 141 142 142 143
127 126 126 126 126 126 125 125 125 125 124 124 124 124 123 123 123 123 123 123 123 123 124 124 124 124 124 124 124 124 124 124 124 125 125 125 126 126 126 127 127 127 127 128 128 128 129 129 130 130 130 131 131 131 132 132 132 133 133 133 134 134 134 134 134 134 134 134 134 134 134 134 133 133 133 133 133 133 133 133 133 133 134 134 135 136 137 138 139 140 141 141 142 143
126 126 126 126 125 125 125 125 125 124 124 124 124 123 123 123 123 123 123 123 123 123 123 123 123 123 123 123 123 124 124 124 124 124 125 125 125 126 126 126 126 127 127 127 128 128 129 129 129 130 130 130 131 131 131 132 132 132 133 133 133 133 134 134 134 134 134 134 134 133 133 133 133 132 132 132 132 132 132 132 132 132 133 134 135 136 137 137 138 139 140 141 142 142
126 126 125 125 125 125 125 125 124 124 124 124 123 123 123 123 123 123 123 123 123 123 123 123 123 123 123 123 123 123 123 123 124 124 124 124 125 125 125 126 126 126 127 127 127 128 128 128 129 129 130 130 130 131 131 132 132 132 132 133 133 133 133 133 134 134 133 133 133 133 133 132 132 132 131 131 131 131 131 131 131 132 132 133 134 135 136 137 138 139 140 140 141 142
125 125 125 125 125 125 125 124 124 124 124 123 123 123 123 123 123 123 123 123 123 123 123 123 123 122 123 122 123 123 123 123 123 123 124 124 124 125 125 125 126 126 126 127 127 127 128 128 128 129 129 130 130 130 131 131 132 132 132 132 133 133 133 133 133 133 133 133 133 132 132 132 131 131 131 130 130 130 130 130 131 131 132 133 133 134 135 136 137 138 139 140 141 141
125 125 125 125 125 124 124 124 124 124 124 123 123 123 123 123 123 123 122 122 122 122 122 122 122 122 122 122 122 122 122 123 123 123 123 124 124 124 125 125 125 126 126 126 127 127 127 128 128 128 129 129 130 130 131 131 131 131 132 132 132 132 133 133 133 133 133 132 132 132 132 131 131 130 130 130 129 129 129 129 130 131 131 132 133 134 135 136 137 138 138 139 140 141
125 124 124 124 124 124 124 124 124 124 123 123 123 123 123 123 123 122 122 122 122 122 122 122 122 122 122 122 122 122 122 122 122 123 123 123 124 124 124 125 125 125 126 126 126 127 127 127 128 128 129 129 129 130 130 131 131 131 131 131 132 132 132 132 132 132 132 132 132 132 131 131 130 130 130 129 129 128 129 129 129 130 131 131 132 133 134 135 136 137 138 139 140 140
124 124 124 124 124 124 124 124 124 124 123 123 123 123 123 123 122 122 122 122 122 122 122 122 121 121 121 121 121 122 122 122 122 122 123 123 123 124 124 124 124 125 125 125 126 126 126 127 127 128 128 129 129 129 130 130 130 131 131 131 131 131 132 132 132 132 132 132 131 131 131 130 130 130 129 129 129 128 128 129 129 130 130 131 132 133 134 135 135 136 137 138 139 140
124 124 124 124 124 124 124 124 124 123 123 123 123 123 123 122 122 122 122 122 122 122 121 121 121 121 121 121 121 121 121 121 122 122 122 123 123 123 123 124 124 124 125 125 125 126 126 127 127 127 128 128 129 129 129 130 130 130 130 131 131 131 131 131 131 132 131 131 131 131 131 130 130 129 129 129 128 128 128 128 129 129 130 130 131 132 133 134 135 136 137 138 139 139
124 124 124 124 124 124 124 124 123 123 123 123 123 123 123 122 122 122 122 121 121 121 121 121 121 121 121 121 121 121 121 121 121 122 122 122 122 123 123 123 124 124 124 125 125 125 126 126 127 127 127 128 128 128 129 129 130 130 130 130 130 130 131 131 131 131 131 131 131 131 130 130 130 129 129 129 128 128 128 128 128 129 129 130 131 132 132 133 134 135 136 137 138 139
123 123 123 123 123 123 123 123 123 123 123 123 123 123 123 122 122 122 122 121 121 121 121 121 121 120 120 120 120 120 121 121 121 121 122 122 122 122 123 123 123 124 124 124 125 125 125 126 126 126 127 127 127 127 128 129 129 129 130 130 130 130 130 131 131 131 131 131 131 130 130 130 130 129 129 128 128 128 128 128 128 128 129 129 130 131 132 133 133 134 135 136 137 138
123 123 123 123 123 123 123 123 123 123 123 123 123 123 123 122 122 122 122 121 121 121 121 120 120 120 120 120 120 120 120 121 121 121 121 121 122 122 122 123 123 123 124 124 124 125 125 125 126 126 126 127 127 127 128 128 129 129 129 129 130 130 130 130 131 131 131 131 131 130 130 130 130 129 129 128 128 128 127 127 128 128 128 129 130 130 131 132 133 133 134 135 136 137
123 123 123 123 123 123 123 123 123 123 123 123 123 123 123 122 122 122 122 121 121 121 120 120 120 120 120 119 119 120 120 120 120 121 121 121 121 122 122 122 123 123 123 124 124 124 124 125 125 126 126 126 126 127 127 128 128 128 129 129 129 130 130 130 130 131 131 131 131 130 130 130 130 129 129 128 128 128 127 127 127 127 128 128 129 130 131 131 132 133 133 135 135 136
123 123 123 123 123 123 123 123 123 123 123 123 122 122 123 122 122 122 121 121 121 121 120 120 120 120 119 119 119 119 120 120 120 120 120 121 121 121 122 122 122 123 123 123 124 124 124 124 125 125 125 126 126 127 127 127 127 128 128 129 129 129 130 130 130 130 131 131 131 130 130 130 130 129 129 129 128 128 127 127 127 127 127 128 129 129 130 131 131 131 133 133 134 135
123 123 123 123 123 123 123 123 123 123 123 123 122 122 123 122 122 122 122 121 121 120 120 120 120 120 119 119 119 119 119 120 120 120 120 120 121 121 121 122 122 122 123 123 123 124 124 124 124 125 125 125 126 126 126 127 127 128 127 128 129 129 129 130 130 130 130 131 131 131 131 130 130 130 129 129 128 128 127 126 126 127 127 128 128 129 129 130 130 130 131 132 133 135
123 123 123 123 123 123 123 123 123 123 122 123 122 123 123 123 122 122 122 121 121 120 120 120 120 120 119 119 119 119 119 119 120 120 120 120 120 121 121 122 122 122 122 123 123 123 123 123 124 124 125 125 125 126 126 126 127 127 127 128 129 129 129 129 130 130 131 131 131 131 131 131 130 130 130 129 129 128 127 126 126 127 127 128 128 128 128 129 129 129 130 131 132 134
122 122 123 123 123 123 123 123 123 123 123 123 123 123 123 123 122 122 122 121 121 121 120 120 120 120 119 119 119 119 119 119 119 120 120 120 120 121 121 121 122 122 122 122 123 123 123 123 123 123 124 125 125 125 126 126 126 127 127 128 128 129 129 129 130 130 131 131 131 131 131 131 131 131 130 130 129 129 128 127 127 127 128 128 128 127 127 127 127 128 129 130 131 133
