MUSICEvapDataQueryTool/BOMEvapData/etapmay.txt
ncols         417
nrows         337
xllcorner     112.15
yllcorner     -43.8
cellsize      0.1
NODATA_value  -9999
[rows 165 to 219 of 337, columns 288 to 383 of 417]
57 57 57 57 57 57 57 57 57 57 57 57 57 57 57 57 57 57 57 57 57 57 57 58 58 58 58 57 57 58 58 58 58 58 58 58 59 59 59 59 60 60 60 61 61 61 62 62 63 63 63 64 64 64 65 65 65 65 66 66 66 66 66 67 67 67 67 68 68 68 69 69 70 71 71 72 72 73 74 74 74 74 74 74 74 74 74 74 74 74 74 75 75 75 75 75
57 57 57 57 57 57 57 57 57 57 57 57 57 57 57 57 57 57 57 57 57 57 57 57 57 57 57 57 57 57 57 57 57 58 58 58 58 58 59 59 59 60 60 60 61 61 62 62 62 63 63 63 64 64 64 65 65 65 65 65 66 66 66 66 67 67 67 67 68 68 68 69 70 70 71 71 72 72 73 73 73 73 73 73 74 74 74 74 74 74 74 74 74 74 75 75
56 56 56 56 56 56 56 56 56 56 56 56 56 56 57 57 56 56 57 57 57 57 57 57 57 57 57 57 57 57 57 57 57 57 58 58 58 58 59 59 59 59 60 60 60 61 61 62 62 62 63 63 63 64 64 64 64 65 65 65 65 65 66 66 66 66 67 67 67 68 68 69 69 70 70 71 71 72 72 72 73 73 73 73 73 73 73 73 73 73 73 74 74 74 74 74
56 56 56 56 56 56 56 56 56 56 56 56 56 56 56 56 56 56 56 56 56 56 56 56 56 56 56 56 56 57 57 57 57 57 57 57 58 58 58 59 59 59 59 60 60 60 61 61 62 62 62 63 63 63 63 64 64 64 64 65 65 65 65 66 66 66 66 67 67 67 68 68 69 69 70 70 71 71 71 72 72 72 72 72 72 72 73 73 73 73 73 73 73 73 73 74
56 56 56 56 56 56 56 56 56 56 56 56 56 56 56 56 56 56 56 56 56 56 56 56 56 56 56 56 56 56 56 56 57 57 57 57 57 58 58 58 59 59 59 60 60 60 60 61 61 62 62 62 62 63 63 63 64 64 64 64 65 65 65 65 66 66 66 66 67 67 68 68 68 69 69 70 70 71 71 71 71 71 72 72 72 72 72 72 72 72 72 72 73 73 73 73
55 55 55 55 55 55 55 55 55 55 55 55 55 55 55 55 55 55 55 55 55 55 55 55 55 55 56 56 56 56 56 56 56 57 57 57 57 57 58 58 58 59 59 59 59 60 60 60 61 61 61 62 62 62 63 63 63 63 64 64 64 64 65 65 65 66 66 66 66 67 67 68 68 69 69 69 70 70 70 70 71 71 71 71 71 71 71 72 72 72 72 72 72 72 72 72
55 55 55 55 55 55 55 55 55 55 55 55 55 55 55 55 55 55 55 55 55 55 55 55 55 55 55 55 55 56 56 56 56 56 56 57 57 57 57 58 58 58 59 59 59 59 60 60 60 61 61 61 62 62 62 63 63 63 63 64 64 64 64 65 65 65 65 66 66 67 67 67 68 68 69 69 69 70 70 70 70 70 70 70 71 71 71 71 71 71 71 71 71 72 72 72
55 55 55 55 55 55 54 54 54 54 54 54 54 54 54 54 54 54 54 54 55 55 55 55 55 55 55 55 55 55 55 56 56 56 56 56 56 57 57 57 58 58 58 59 59 59 59 60 60 60 61 61 61 62 62 62 62 63 63 63 63 64 64 64 65 65 65 65 66 66 67 67 67 68 68 68 69 69 69 69 70 70 70 70 70 70 70 70 70 71 71 71 71 71 71 71
54 54 54 54 54 54 54 54 54 54 54 54 54 54 54 54 54 54 54 54 54 54 54 54 54 54 55 55 55 55 55 55 55 56 56 56 56 56 57 57 57 58 58 58 58 59 59 59 60 60 60 61 61 61 62 62 62 62 63 63 63 63 64 64 64 64 65 65 65 66 66 67 67 67 68 68 68 69 69 69 69 69 69 69 70 70 70 70 70 70 70 70 70 71 71 71
54 54 54 54 54 54 54 54 54 54 54 53 53 53 53 53 53 54 54 54 54 54 54 54 54 54 54 54 54 55 55 55 55 55 56 56 56 56 56 57 57 57 58 58 58 58 59 59 59 60 60 60 61 61 61 61 62 62 62 62 63 63 63 64 64 64 64 65 65 65 66 66 67 67 67 68 68 68 68 68 69 69 69 69 69 69 69 69 69 70 70 70 70 70 70 70
54 54 54 54 53 53 53 53 53 53 53 53 53 53 53 53 53 53 53 53 53 53 53 53 54 54 54 54 54 54 54 55 55 55 55 55 56 56 56 56 57 57 57 58 58 58 58 59 59 59 60 60 60 61 61 61 61 62 62 62 62 63 63 63 63 64 64 64 65 65 65 66 66 67 67 67 68 68 68 68 68 68 68 68 69 69 69 69 69 69 69 69 69 69 70 70
54 53 53 53 53 53 53 53 53 53 53 53 53 53 53 53 53 53 53 53 53 53 53 53 53 53 54 54 54 54 54 54 55 55 55 55 55 56 56 56 56 57 57 57 58 58 58 58 59 59 59 60 60 60 60 61 61 61 61 62 62 62 62 63 63 63 64 64 64 65 65 65 66 66 67 67 67 67 67 68 68 68 68 68 68 68 68 68 68 68 69 69 69 69 69 69
53 53 53 53 53 53 52 52 52 52 52 52 52 52 52 52 52 52 52 52 52 52 53 53 53 53 53 53 53 54 54 54 54 54 55 55 55 55 56 56 56 56 57 57 57 58 58 58 58 59 59 59 60 60 60 60 61 61 61 61 62 62 62 62 63 63 63 64 64 64 65 65 65 66 66 67 67 67 67 67 67 67 67 67 68 68 68 68 68 68 68 68 68 68 68 69
53 53 53 52 52 52 52 52 52 52 52 52 52 52 52 52 52 52 52 52 52 52 52 52 53 53 53 53 53 53 53 54 54 54 54 55 55 55 55 56 56 56 56 57 57 57 58 58 58 58 59 59 59 59 60 60 60 60 61 61 61 61 62 62 62 63 63 63 63 64 64 65 65 65 66 66 66 67 67 67 67 67 67 67 67 67 67 67 67 67 67 68 68 68 68 68
53 52 52 52 52 52 52 52 51 51 51 51 51 51 51 51 51 51 51 51 52 52 52 52 52 52 52 53 53 53 53 53 54 54 54 54 54 55 55 55 56 56 56 56 57 57 57 58 58 58 58 59 59 59 59 60 60 60 60 61 61 61 61 62 62 62 62 63 63 63 64 64 64 65 65 66 66 66 66 66 66 66 66 66 66 66 67 67 67 67 67 67 67 67 67 68
52 52 52 52 51 51 51 51 51 51 51 51 51 51 51 51 51 51 51 51 51 51 52 52 52 52 52 52 52 53 53 53 53 54 54 54 54 55 55 55 55 56 56 56 56 57 57 57 58 58 58 58 59 59 59 59 60 60 60 60 60 61 61 61 61 62 62 62 63 63 63 64 64 64 65 65 65 65 65 66 66 66 66 66 66 66 66 66 66 66 66 66 67 67 67 67
52 52 51 51 51 51 51 51 51 50 50 50 50 50 50 50 50 51 51 51 51 51 51 51 51 52 52 52 52 52 53 53 53 53 53 54 54 54 55 55 55 55 56 56 56 56 57 57 57 57 58 58 58 58 59 59 59 59 60 60 60 60 61 61 61 61 62 62 62 62 63 63 63 64 64 64 64 65 65 65 65 65 65 65 65 65 66 66 66 66 66 66 66 66 66 66
52 51 51 51 51 50 50 50 50 50 50 50 50 50 50 50 50 50 50 50 50 51 51 51 51 51 51 52 52 52 52 52 53 53 53 53 54 54 54 55 55 55 55 56 56 56 56 57 57 57 57 58 58 58 58 59 59 59 59 59 60 60 60 60 61 61 61 61 62 62 62 62 63 63 63 64 64 64 64 64 64 65 65 65 65 65 65 65 65 65 65 65 65 66 66 66
51 51 51 50 50 50 50 50 50 50 49 49 49 49 49 50 50 50 50 50 50 50 50 51 51 51 51 51 51 52 52 52 52 53 53 53 53 54 54 54 55 55 55 55 56 56 56 56 57 57 57 57 58 58 58 58 59 59 59 59 59 59 60 60 60 60 61 61 61 61 62 62 62 62 63 63 63 63 64 64 64 64 64 64 64 64 64 65 65 65 65 65 65 65 65 65
51 51 50 50 50 50 49 49 49 49 49 49 49 49 49 49 49 49 49 50 50 50 50 50 50 51 51 51 51 51 52 52 52 52 53 53 53 53 54 54 54 55 55 55 55 56 56 56 56 57 57 57 57 58 58 58 58 58 59 59 59 59 59 59 60 60 60 60 61 61 61 61 62 62 62 62 63 63 63 63 63 63 64 64 64 64 64 64 64 64 64 64 64 64 64 65
51 50 50 50 50 49 49 49 49 49 48 48 49 49 49 49 49 49 49 49 49 50 50 50 50 50 50 51 51 51 51 52 52 52 52 53 53 53 53 54 54 54 55 55 55 55 56 56 56 56 57 57 57 57 57 58 58 58 58 58 59 59 59 59 59 59 60 60 60 60 60 61 61 61 61 62 62 62 62 63 63 63 63 63 63 63 63 63 64 64 64 64 64 64 64 64
50 50 50 49 49 49 49 48 48 48 48 48 48 48 48 48 48 49 49 49 49 49 49 50 50 50 50 50 51 51 51 51 52 52 52 52 53 53 53 54 54 54 54 55 55 55 55 56 56 56 56 57 57 57 57 57 58 58 58 58 58 58 58 59 59 59 59 59 59 60 60 60 60 61 61 61 61 62 62 62 62 62 62 63 63 63 63 63 63 63 63 63 63 63 63 63
50 50 49 49 49 49 48 48 48 48 48 48 48 48 48 48 48 48 48 48 49 49 49 49 49 50 50 50 50 51 51 51 51 52 52 52 52 53 53 53 54 54 54 54 55 55 55 55 56 56 56 56 57 57 57 57 57 57 58 58 58 58 58 58 58 58 59 59 59 59 59 60 60 60 60 60 61 61 61 61 62 62 62 62 62 62 62 63 63 63 63 63 62 62 62 62
50 49 49 49 48 48 48 48 47 47 47 47 47 47 47 47 48 48 48 48 48 49 49 49 49 49 50 50 50 50 51 51 51 51 52 52 52 52 53 53 53 54 54 54 54 55 55 55 55 56 56 56 56 57 57 57 57 57 57 57 57 58 58 58 58 58 58 58 58 59 59 59 59 59 60 60 60 60 61 61 61 61 62 62 62 62 62 62 62 62 62 62 62 62 62 62
49 49 49 48 48 48 47 47 47 47 47 47 47 47 47 47 47 47 48 48 48 48 48 49 49 49 49 50 50 50 50 51 51 51 51 52 52 52 53 53 53 53 54 54 54 54 55 55 55 55 56 56 56 56 56 57 57 57 57 57 57 57 57 57 57 58 58 58 58 58 58 58 59 59 59 59 60 60 60 60 61 61 61 61 61 62 62 62 62 62 62 62 61 61 61 61
49 49 49 48 48 47 47 47 47 46 46 46 46 46 47 47 47 47 47 48 48 48 48 48 49 49 49 49 50 50 50 50 51 51 51 51 52 52 52 53 53 53 53 54 54 54 55 55 55 55 55 56 56 56 56 56 56 57 57 57 57 57 57 57 57 57 57 57 57 58 58 58 58 58 58 59 59 59 60 60 60 60 61 61 61 61 61 61 61 61 61 61 61 61 60 60
49 49 48 48 48 47 47 47 46 46 46 46 46 46 46 46 47 47 47 47 47 48 48 48 48 49 49 49 49 50 50 50 50 51 51 51 52 52 52 52 53 53 53 54 54 54 54 55 55 55 55 55 56 56 56 56 56 56 56 56 57 57 57 57 57 57 57 57 57 57 57 57 57 58 58 58 58 59 59 59 60 60 60 61 61 61 61 61 61 61 61 61 60 60 60 59
49 48 48 48 47 47 47 46 46 45 45 45 46 46 46 46 46 47 47 47 47 47 48 48 48 48 49 49 49 49 50 50 50 50 51 51 51 52 52 52 52 53 53 53 54 54 54 54 55 55 55 55 55 56 56 56 56 56 56 56 56 56 56 56 56 56 56 56 56 57 57 57 57 57 57 58 58 58 59 59 59 60 60 60 60 61 61 61 61 61 61 61 60 60 59 59
49 48 48 48 47 47 46 46 46 45 45 45 45 46 46 46 46 46 47 47 47 47 47 48 48 48 48 49 49 49 49 50 50 50 51 51 51 51 52 52 52 53 53 53 53 54 54 54 54 55 55 55 55 55 56 56 56 56 56 56 56 56 56 56 56 56 56 56 56 56 56 56 56 57 57 57 57 58 58 59 59 59 60 60 60 60 61 61 61 61 61 60 60 60 59 58
49 48 48 48 47 47 46 46 46 45 45 45 45 46 46 46 46 46 46 47 47 47 47 47 48 48 48 48 49 49 49 49 50 50 50 51 51 51 51 52 52 52 53 53 53 54 54 54 54 55 55 55 55 55 55 55 56 56 56 56 56 56 56 56 56 56 56 56 56 56 56 56 56 56 56 57 57 57 58 58 59 59 59 60 60 60 61 61 61 61 61 60 60 60 59 59
49 48 48 47 47 47 46 46 46 46 45 45 45 46 46 46 46 46 46 46 47 47 47 47 47 48 48 48 48 49 49 49 50 50 50 50 51 51 51 52 52 52 52 53 53 53 54 54 54 54 55 55 55 55 55 55 55 55 56 56 56 55 55 55 55 55 55 55 55 55 55 55 56 56 56 56 57 57 58 58 58 59 59 60 60 60 60 61 61 61 61 60 60 60 60 59
48 48 48 48 47 47 47 46 46 46 46 46 46 46 46 46 46 46 46 46 46 47 47 47 47 47 48 48 48 49 49 49 49 50 50 50 50 51 51 51 52 52 52 53 53 53 53 54 54 54 54 55 55 55 55 55 55 55 55 55 55 55 55 55 55 55 55 55 55 55 55 55 55 55 56 56 56 57 57 58 58 59 59 59 60 60 60 61 61 61 61 61 60 60 60 60
48 48 48 48 47 47 47 46 46 46 46 46 46 46 46 46 46 46 46 46 46 46 47 47 47 47 48 48 48 48 49 49 49 49 50 50 50 51 51 51 51 52 52 52 53 53 53 54 54 54 54 54 55 55 55 55 55 55 55 55 55 55 55 55 55 55 55 55 54 54 54 54 55 55 55 56 56 57 57 58 58 59 59 59 60 60 60 61 61 61 61 61 61 61 61 60
49 48 48 48 47 47 47 47 46 46 46 46 46 46 46 46 46 46 46 46 46 46 46 47 47 47 47 48 48 48 49 49 49 49 50 50 50 50 51 51 51 52 52 52 52 53 53 53 54 54 54 54 54 54 55 55 55 55 55 55 55 55 55 55 55 54 54 54 54 54 54 54 54 55 55 56 56 57 57 57 58 58 59 59 60 60 60 61 61 61 60 61 61 61 61 60
49 48 48 48 47 47 47 47 47 46 46 46 46 46 46 46 46 46 46 46 46 46 46 47 47 47 47 48 48 48 48 49 49 49 49 50 50 50 50 51 51 51 52 52 52 52 53 53 53 54 54 54 54 54 54 54 54 55 55 55 55 55 54 54 54 54 54 54 54 54 54 54 54 55 55 55 56 56 57 57 58 58 59 59 60 60 60 61 61 61 61 61 61 61 61 61
49 48 48 48 48 47 47 47 47 46 46 46 46 46 46 46 46 46 46 46 46 46 46 46 47 47 47 47 48 48 48 48 49 49 49 50 50 50 50 51 51 51 51 52 52 52 53 53 53 53 54 54 54 54 54 54 54 54 54 54 54 54 54 54 54 54 54 54 54 54 54 54 54 54 55 55 56 56 57 57 58 58 59 59 60 60 60 61 61 61 61 60 60 61 61 61
49 48 48 48 48 48 47 47 47 47 46 46 46 46 46 46 46 46 46 46 46 46 46 46 47 47 47 47 48 48 48 48 49 49 49 49 50 50 50 50 51 51 51 51 52 52 52 53 53 53 53 53 53 54 54 54 54 54 54 54 54 54 54 54 54 54 54 54 54 54 54 54 54 54 55 55 56 56 57 57 58 58 59 59 60 60 61 61 61 61 61 61 61 61 61 62
49 49 48 48 48 48 47 47 47 47 47 46 46 46 46 46 46 46 46 46 46 46 46 46 46 47 47 47 48 48 48 48 49 49 49 49 49 50 50 50 50 51 51 51 51 52 52 52 52 53 53 53 53 53 53 53 53 54 54 54 54 54 54 54 54 54 54 54 54 54 54 54 54 54 55 55 56 56 57 57 58 58 59 59 60 60 61 61 61 61 62 62 62 61 61 61
49 49 49 48 48 48 48 47 47 47 47 47 46 46 46 46 46 46 46 46 46 46 46 46 46 47 47 47 47 48 48 48 48 49 49 49 49 49 50 50 50 50 51 51 51 51 51 52 52 52 52 53 53 53 53 53 53 53 53 53 54 54 54 54 54 54 54 54 54 54 54 54 54 54 55 55 56 56 57 57 58 58 59 59 60 60 61 61 61 62 62 62 62 62 61 61
49 49 49 48 48 48 48 48 47 47 47 47 47 46 46 46 46 46 46 46 46 46 46 46 46 47 47 47 47 48 48 48 48 49 49 49 49 49 50 50 50 50 50 51 51 51 51 51 52 52 52 52 52 52 53 53 53 53 53 53 53 53 53 53 54 54 54 54 54 54 54 54 54 54 55 55 56 56 57 57 58 58 59 59 60 60 61 61 61 62 62 62 62 62 62 62
49 49 49 49 48 48 48 48 48 47 47 47 47 47 46 46 46 46 46 46 46 46 46 46 46 47 47 47 47 48 48 48 48 48 49 49 49 49 49 50 50 50 50 50 50 51 51 51 51 51 52 52 52 52 52 52 53 53 53 53 53 53 53 53 53 53 54 54 54 54 54 54 54 54 55 55 55 56 57 57 58 59 59 59 60 60 60 61 61 62 62 62 62 62 62 62
49 49 49 49 49 48 48 48 48 48 47 47 47 47 47 46 46 46 46 46 46 46 46 46 46 47 47 47 47 48 48 48 48 48 49 49 49 49 49 49 49 50 50 50 50 50 50 51 51 51 51 51 51 52 52 52 52 52 53 53 53 53 53 53 53 53 54 54 54 54 54 54 54 54 54 55 55 56 57 57 58 59 59 59 60 60 60 61 61 62 62 62 62 62 62 62
49 49 49 49 49 49 48 48 48 48 48 48 47 47 47 47 46 46 46 46 46 46 46 46 47 47 47 47 47 48 48 48 48 48 49 49 49 49 49 49 49 49 49 50 50 50 50 50 50 51 51 51 51 51 52 52 52 52 52 53 53 53 53 53 53 54 54 54 54 54 54 54 54 54 54 55 55 56 57 57 58 59 59 59 59 60 60 61 61 61 62 62 62 62 62 62
50 49 49 49 49 49 49 48 48 48 48 48 48 47 47 47 47 47 46 46 46 46 46 47 47 47 47 47 48 48 48 48 48 48 48 49 49 49 49 49 49 49 49 49 49 50 50 50 50 50 50 51 51 51 51 52 52 52 52 52 53 53 53 53 53 54 54 54 54 54 54 54 54 54 54 55 55 56 56 57 58 58 59 59 59 60 60 60 61 61 61 61 62 62 62 62
50 50 49 49 49 49 49 49 49 48 48 48 48 48 47 47 47 47 47 47 47 47 47 47 47 47 47 48 48 48 48 48 48 48 48 49 49 49 49 49 49 49 49 49 49 49 49 49 50 50 50 50 50 51 51 51 52 52 52 52 53 53 53 53 53 54 54 54 54 54 54 54 54 54 54 55 55 56 56 57 57 58 58 58 59 59 60 60 61 61 61 62 62 62 62 62
50 50 50 49 49 49 49 49 49 49 48 48 48 48 48 48 47 47 47 47 47 47 47 47 47 48 48 48 48 48 48 48 48 48 48 48 49 49 49 49 49 49 49 49 49 49 49 49 49 49 50 50 50 51 51 51 51 52 52 52 53 53 53 53 54 54 54 54 54 54 54 54 54 54 55 55 55 56 56 57 57 57 58 58 59 59 59 60 60 61 61 62 62 62 62 62
50 50 50 50 49 49 49 49 49 49 49 49 48 48 48 48 48 48 47 47 47 47 48 48 48 48 48 48 48 48 48 48 48 48 48 48 48 48 49 48 48 49 49 49 49 49 49 49 49 49 49 50 50 50 51 51 51 52 52 52 52 53 53 53 54 54 54 54 55 55 55 55 55 55 55 55 55 56 56 56 57 57 58 58 59 59 59 60 60 61 61 61 61 62 62 62
50 50 50 50 50 49 49 49 49 49 49 49 49 48 48 48 48 48 48 48 48 48 48 48 48 48 48 48 48 48 48 48 48 48 48 48 48 48 48 48 48 48 48 48 48 48 48 48 48 49 49 49 50 50 50 51 51 51 52 52 52 53 53 53 54 54 55 55 55 55 55 55 55 55 55 55 55 55 56 56 57 57 58 58 58 59 59 60 60 60 61 61 61 61 61 61
50 50 50 50 50 50 50 50 49 49 49 49 49 49 48 48 48 48 48 48 48 48 48 48 48 48 48 48 48 48 48 48 48 48 48 48 48 48 48 48 48 48 48 48 48 48 48 48 48 48 49 49 49 50 50 51 51 51 52 52 52 53 53 54 54 54 55 55 55 55 55 55 55 55 55 55 55 55 56 56 57 57 58 58 59 59 59 59 60 60 60 60 61 61 61 61
50 50 50 50 50 50 50 50 50 49 49 49 49 49 49 49 48 48 48 48 48 48 48 49 49 49 48 48 48 48 48 48 48 48 48 48 48 48 48 48 48 48 48 48 48 48 48 48 48 48 49 49 49 50 50 51 51 51 52 52 52 53 53 54 54 55 55 56 56 56 56 56 56 55 55 55 55 55 56 56 57 57 58 58 59 59 59 59 59 59 60 60 60 61 61 61
50 50 50 50 50 50 50 50 50 50 49 49 49 49 49 49 49 49 49 49 49 49 49 49 49 49 49 48 48 48 48 48 48 48 48 48 48 48 48 48 48 48 48 48 48 48 48 48 48 48 49 49 49 50 50 50 51 51 52 52 53 53 53 54 55 55 56 56 56 56 56 56 56 56 55 55 55 55 56 56 57 57 58 58 59 59 59 59 59 59 59 60 60 60 61 61
50 50 50 50 50 50 50 50 50 50 50 49 49 49 49 49 49 49 49 49 49 49 49 49 49 49 49 48 48 48 48 48 48 48 48 48 48 48 48 48 48 48 48 48 48 48 48 48 48 48 49 49 49 50 50 50 51 51 52 52 53 53 54 54 55 55 56 57 57 57 57 57 56 56 56 55 55 55 56 56 57 57 58 59 59 59 59 59 59 59 60 60 60 60 61 61
50 50 50 50 50 50 50 50 50 50 50 49 49 49 49 49 49 49 49 49 49 49 49 49 49 49 49 48 48 48 48 48 48 48 48 48 48 48 48 48 48 48 48 48 48 48 48 48 48 48 49 49 49 49 50 50 51 51 52 52 53 53 54 54 55 56 56 57 57 57 57 57 57 56 56 56 56 56 56 56 57 58 58 59 59 60 60 60 59 59 59 59 60 60 61 61
50 50 50 50 50 50 50 50 50 50 50 49 49 49 49 49 49 49 49 49 49 49 49 49 49 49 49 48 48 48 48 48 48 48 48 48 48 48 48 48 48 48 48 48 48 48 48 48 48 48 49 49 49 49 50 50 51 51 52 52 53 53 54 55 55 56 56 57 57 58 58 57 57 57 56 56 56 56 56 57 57 58 59 59 60 60 60 60 60 59 59 59 60 60 61 61
49 49 50 50 50 50 50 50 50 50 49 49 49 49 49 49 49 49 49 49 49 49 49 49 49 49 48 48 48 48 48 48 48 48 48 48 48 48 48 48 48 48 48 48 48 48 48 48 48 48 49 49 49 49 50 50 51 51 52 52 53 53 54 55 55 56 56 57 57 58 58 57 57 57 57 56 56 56 56 57 57 58 59 60 60 61 61 61 60 60 59 60 60 60 61 61
