MUSICEvapDataQueryTool/BOMEvapData/etapdec.txt
ncols         417
nrows         337
xllcorner     112.15
yllcorner     -43.8
cellsize      0.1
NODATA_value  -9999
[rows 0 to 41 of 337, columns 94 to 187 of 417]
237 237 237 237 237 237 237 237 237 237 237 237 237 237 237 237 236 236 236 236 236 236 236 236 236 236 236 236 236 236 236 236 236 236 235 235 235 235 235 235 235 235 234 234 234 234 234 234 234 233 233 233 233 233 232 232 232 232 231 231 231 231 230 230 230 230 229 229 229 229 228 228 228 228 228 227 227 227 227 226 226 226 226 226 226 225 225 225 225 225 225 225 225 225
237 237 237 237 237 237 237 237 237 237 237 237 236 236 236 236 236 236 236 236 236 236 236 236 236 236 236 236 236 236 236 236 235 235 235 235 235 235 235 235 235 235 234 234 234 234 234 234 233 233 233 233 233 232 232 232 232 232 231 231 231 231 230 230 230 230 229 229 229 228 228 228 228 228 227 227 227 227 226 226 226 226 226 225 225 225 225 225 225 225 224 224 224 224
237 237 237 237 237 237 237 236 236 236 236 236 236 236 236 236 236 236 236 236 236 236 236 236 236 236 236 236 236 236 235 235 235 235 235 235 235 235 235 235 235 234 234 234 234 234 234 233 233 233 233 233 232 232 232 232 232 231 231 231 231 230 230 230 230 229 229 229 229 228 228 228 227 227 227 227 226 226 226 226 226 225 225 225 225 225 225 224 224 224 224 224 224 224
236 236 236 236 236 236 236 236 236 236 236 236 236 236 236 236 236 236 236 236 236 236 236 236 236 236 236 236 235 235 235 235 235 235 235 235 235 235 235 235 234 234 234 234 234 234 234 233 233 233 233 233 232 232 232 232 231 231 231 231 230 230 230 230 229 229 229 229 228 228 228 227 227 227 227 226 226 226 226 226 225 225 225 225 225 224 224 224 224 224 224 224 224 223
236 236 236 236 236 236 236 236 236 236 236 236 236 236 236 236 236 236 236 236 236 236 236 236 236 236 235 235 235 235 235 235 235 235 235 235 235 235 235 234 234 234 234 234 234 234 233 233 233 233 233 232 232 232 232 232 231 231 231 231 230 230 230 229 229 229 229 228 228 228 227 227 227 227 226 226 226 226 225 225 225 225 225 224 224 224 224 224 224 223 223 223 223 223
236 236 236 236 236 236 236 236 236 236 236 236 236 236 236 236 236 236 236 236 236 236 236 235 235 235 235 235 235 235 235 235 235 235 235 235 235 235 234 234 234 234 234 234 234 233 233 233 233 233 233 232 232 232 232 231 231 231 231 230 230 230 230 229 229 229 228 228 228 227 227 227 227 226 226 226 226 225 225 225 225 224 224 224 224 224 223 223 223 223 223 223 223 223
236 236 236 236 236 236 236 236 236 236 236 236 236 236 236 236 236 236 235 235 235 235 235 235 235 235 235 235 235 235 235 235 235 235 235 235 235 234 234 234 234 234 234 234 234 233 233 233 233 233 232 232 232 232 232 231 231 231 230 230 230 230 229 229 229 228 228 228 228 227 227 227 226 226 226 225 225 225 225 224 224 224 224 224 223 223 223 223 223 223 223 222 222 222
236 236 236 236 236 236 236 236 236 236 236 236 235 235 235 235 235 235 235 235 235 235 235 235 235 235 235 235 235 235 235 235 235 235 235 235 234 234 234 234 234 234 234 234 233 233 233 233 233 233 232 232 232 232 231 231 231 231 230 230 230 229 229 229 229 228 228 228 227 227 227 226 226 226 225 225 225 225 224 224 224 224 223 223 223 223 223 223 222 222 222 222 222 222
236 236 236 236 236 235 235 235 235 235 235 235 235 235 235 235 235 235 235 235 235 235 235 235 235 235 235 235 235 235 235 235 235 235 234 234 234 234 234 234 234 234 234 233 233 233 233 233 233 232 232 232 232 232 231 231 231 230 230 230 230 229 229 229 228 228 228 227 227 227 226 226 226 225 225 225 225 224 224 224 223 223 223 223 223 222 222 222 222 222 222 222 221 221
235 235 235 235 235 235 235 235 235 235 235 235 235 235 235 235 235 235 235 235 235 235 235 235 235 235 235 235 235 235 235 235 234 234 234 234 234 234 234 234 234 234 234 233 233 233 233 233 233 232 232 232 232 231 231 231 231 230 230 230 229 229 229 228 228 228 227 227 227 226 226 226 225 225 225 224 224 224 224 223 223 223 223 222 222 222 222 222 222 221 221 221 221 221
235 235 235 235 235 235 235 235 235 235 235 235 235 235 235 235 235 235 235 235 235 235 235 235 235 235 235 235 235 235 234 234 234 234 234 234 234 234 234 234 234 234 233 233 233 233 233 233 232 232 232 232 232 231 231 231 230 230 230 230 229 229 229 228 228 228 227 227 227 226 226 225 225 225 224 224 224 224 223 223 223 222 222 222 222 222 221 221 220 221 221 221 221 220
235 235 235 235 235 235 235 235 235 235 235 235 235 235 235 235 235 235 235 235 235 235 235 235 235 234 234 234 234 234 234 234 234 234 234 234 234 234 234 234 234 233 233 233 233 233 233 233 232 232 232 232 231 231 231 231 230 230 230 229 229 229 228 228 228 227 227 227 226 226 226 225 225 224 224 224 223 223 223 223 222 222 222 222 221 221 221 220 219 219 220 220 219 219
235 235 235 235 235 235 235 235 235 235 235 235 235 235 235 235 235 234 234 234 234 234 234 234 234 234 234 234 234 234 234 234 234 234 234 234 234 234 234 234 234 233 233 233 233 233 233 232 232 232 232 232 231 231 231 230 230 230 230 229 229 229 228 228 227 227 227 226 226 226 225 225 224 224 224 223 223 223 222 222 222 222 221 221 221 221 219 219 219 218 219 220 218 218
235 235 235 235 235 235 235 235 234 234 234 234 234 234 234 234 234 234 234 234 234 234 234 234 234 234 234 234 234 234 234 234 234 234 234 234 234 234 234 234 233 233 233 233 233 233 233 232 232 232 232 231 231 231 231 230 230 230 229 229 229 228 228 228 227 227 227 226 226 225 225 225 224 224 223 223 223 222 222 222 221 221 221 221 220 220 219 218 220 218 218 218 218 217
234 234 234 234 234 234 234 234 234 234 234 234 234 234 234 234 234 234 234 234 234 234 234 234 234 234 234 234 234 234 234 234 234 234 234 234 234 234 234 233 233 233 233 233 233 233 232 232 232 232 232 231 231 231 231 230 230 230 229 229 229 228 228 227 227 227 226 226 225 225 225 224 224 223 223 223 222 222 222 221 221 221 220 220 220 220 218 218 218 218 217 217 217 217
234 234 234 234 234 234 234 234 234 234 234 234 234 234 234 234 234 234 234 234 234 234 234 234 234 234 234 234 234 234 234 234 234 234 234 234 234 233 233 233 233 233 233 233 233 233 232 232 232 232 232 231 231 231 230 230 230 230 229 229 228 228 228 227 227 226 226 226 225 225 224 224 224 223 223 222 222 222 221 221 220 220 220 220 218 218 218 217 217 217 217 217 216 216
234 234 234 234 234 234 234 234 234 234 234 234 234 234 234 234 234 234 234 234 234 234 234 234 234 234 234 234 234 234 234 234 234 234 234 233 233 233 233 233 233 233 233 233 233 233 232 232 232 232 231 231 231 231 230 230 230 229 229 229 228 228 227 227 227 226 226 225 225 225 224 224 223 223 222 222 222 221 221 220 220 220 219 219 219 219 218 218 218 218 218 218 216 216
234 234 234 234 234 234 234 234 234 234 234 234 234 234 234 234 234 234 234 234 234 234 233 233 233 233 233 233 233 233 233 233 233 233 233 233 233 233 233 233 233 233 233 233 233 232 232 232 232 232 231 231 231 231 230 230 230 229 229 229 228 228 227 227 226 226 226 225 225 224 224 223 223 222 222 222 221 221 220 220 219 219 219 218 218 218 218 217 217 217 217 217 217 217
234 234 234 234 234 234 234 233 233 233 233 233 233 233 233 233 233 233 233 233 233 233 233 233 233 233 233 233 233 233 233 233 233 233 233 233 233 233 233 233 233 233 233 233 233 232 232 232 232 232 231 231 231 231 230 230 230 229 229 228 228 228 227 227 226 226 225 225 224 224 224 223 223 222 222 221 221 220 220 219 219 219 218 218 218 217 217 217 217 217 216 216 216 216
233 233 233 233 233 233 233 233 233 233 233 233 233 233 233 233 233 233 233 233 233 233 233 233 233 233 233 233 233 233 233 233 233 233 233 233 233 233 233 233 233 233 233 233 232 232 232 232 232 232 231 231 231 230 230 230 229 229 229 228 228 227 227 227 226 226 225 225 224 224 223 223 222 222 221 221 220 220 219 219 218 218 218 217 217 217 216 216 216 216 216 216 216 216
233 233 233 233 233 233 233 233 233 233 233 233 233 233 233 233 233 233 233 233 233 233 233 233 233 233 233 233 233 233 233 233 233 233 233 233 233 233 233 233 233 233 233 233 232 232 232 232 232 231 231 231 231 230 230 230 229 229 229 228 228 227 227 226 226 225 225 224 224 223 223 222 222 221 221 220 220 219 219 218 218 218 217 217 216 216 216 216 215 215 215 215 215 215
233 233 233 233 233 233 233 233 233 233 233 233 233 233 233 233 233 233 233 233 233 233 233 233 233 233 233 233 233 233 233 233 233 233 233 233 233 233 233 233 233 233 233 232 232 232 232 232 232 231 231 231 231 230 230 230 229 229 228 228 228 227 227 226 226 225 225 224 224 223 223 222 222 221 221 220 219 219 218 218 217 217 217 216 216 215 215 215 215 214 214 214 214 213
233 233 233 233 233 233 233 233 233 233 233 233 232 232 232 232 232 232 232 232 232 232 232 232 232 232 232 233 233 233 233 233 233 233 233 233 233 233 233 233 233 233 233 232 232 232 232 232 232 231 231 231 231 230 230 230 229 229 228 228 227 227 227 226 226 225 225 224 223 223 222 222 221 221 220 220 219 219 218 217 217 216 216 216 215 215 214 214 214 214 212 212 212 212
233 233 233 233 232 232 232 232 232 232 232 232 232 232 232 232 232 232 232 232 232 232 232 232 232 232 232 232 232 232 232 232 232 232 232 233 233 233 233 233 233 232 232 232 232 232 232 232 232 231 231 231 230 230 230 229 229 229 228 228 227 227 226 226 225 225 224 224 223 223 222 222 221 220 220 219 219 218 218 217 216 216 215 215 214 214 214 213 213 212 211 211 211 212
232 232 232 232 232 232 232 232 232 232 232 232 232 232 232 232 232 232 232 232 232 232 232 232 232 232 232 232 232 232 232 232 232 232 232 232 232 232 232 232 232 232 232 232 232 232 232 232 232 231 231 231 230 230 230 229 229 229 228 228 227 227 226 226 225 225 224 224 223 222 222 221 221 220 219 219 218 218 217 216 216 215 215 214 214 213 213 213 211 211 211 211 210 211
232 232 232 232 232 232 232 232 232 232 232 232 232 232 232 232 232 232 232 232 232 232 232 232 232 232 232 232 232 232 232 232 232 232 232 232 232 232 232 232 232 232 232 232 232 232 232 232 231 231 231 231 230 230 230 229 229 228 228 228 227 227 226 226 225 225 224 223 223 222 222 221 220 220 219 219 218 217 217 216 215 215 214 214 213 213 212 212 210 210 210 210 209 210
232 232 232 232 232 232 232 232 232 232 232 232 232 231 231 231 231 231 231 231 231 231 231 231 231 231 232 232 232 232 232 232 232 232 232 232 232 232 232 232 232 232 232 232 232 232 232 232 231 231 231 231 230 230 230 229 229 228 228 227 227 226 226 225 225 224 224 223 223 222 221 221 220 219 219 218 218 217 216 216 215 214 214 213 213 212 212 211 209 209 209 209 208 209
232 232 232 232 232 231 231 231 231 231 231 231 231 231 231 231 231 231 231 231 231 231 231 231 231 231 231 231 231 231 231 231 232 232 232 232 232 232 232 232 232 232 232 232 232 232 232 232 231 231 231 231 230 230 229 229 229 228 228 227 227 226 226 225 225 224 224 223 222 222 221 221 220 219 219 218 217 216 216 215 214 214 213 212 212 210 210 209 209 208 208 208 208 208
231 231 231 231 231 231 231 231 231 231 231 231 231 231 231 231 231 231 231 231 231 231 231 231 231 231 231 231 231 231 231 231 231 231 231 232 232 232 232 232 232 232 232 232 232 232 232 232 231 231 231 231 230 230 229 229 229 228 228 227 227 226 226 225 225 224 223 223 222 222 221 220 220 219 218 218 217 216 215 215 214 213 213 212 211 209 209 208 207 207 207 207 207 207
231 231 231 231 231 231 231 231 231 231 231 231 231 231 231 231 231 231 231 231 231 231 231 231 231 231 231 231 231 231 231 231 231 231 231 231 231 231 232 232 232 232 232 232 232 232 232 232 231 231 231 230 230 230 229 229 228 228 228 227 227 226 226 225 224 224 223 223 222 221 221 220 219 219 218 217 217 216 215 214 214 213 212 211 209 209 208 208 207 207 206 205 205 206
231 231 231 231 231 231 231 231 231 231 231 230 230 230 230 230 230 230 230 230 230 230 230 230 230 230 230 230 230 230 231 231 231 231 231 231 231 231 231 231 232 232 232 232 232 232 232 232 231 231 231 230 230 230 229 229 228 228 227 227 226 226 225 225 224 224 223 223 222 221 221 220 219 218 218 217 216 215 215 214 213 212 212 211 210 209 207 207 206 206 205 205 204 205
231 231 231 231 231 231 230 230 230 230 230 230 230 230 230 230 230 230 230 230 230 230 230 230 230 230 230 230 230 230 230 230 230 230 231 231 231 231 231 231 231 232 232 232 232 232 232 231 231 231 231 230 230 229 229 229 228 228 227 227 226 226 225 225 224 224 223 222 222 221 220 220 219 218 218 217 216 215 214 214 213 212 211 210 210 209 207 206 205 204 204 204 203 203
231 230 230 230 230 230 230 230 230 230 230 230 230 230 230 230 230 230 230 230 230 230 230 230 230 230 230 230 230 230 230 230 230 230 230 230 230 231 231 231 231 231 231 232 232 232 232 231 231 231 230 230 230 229 229 228 228 228 227 227 226 226 225 225 224 223 223 222 222 221 220 220 219 218 217 217 216 215 214 213 213 212 211 210 209 207 206 205 205 204 203 203 202 203
230 230 230 230 230 230 230 230 230 230 230 230 230 230 229 229 229 229 229 229 229 229 229 229 229 229 229 229 229 229 229 230 230 230 230 230 230 230 230 231 231 231 231 231 232 232 232 231 231 231 230 230 229 229 229 228 228 227 227 226 226 226 225 224 224 223 223 222 221 221 220 219 219 218 217 216 216 215 214 213 212 211 209 208 207 206 205 205 204 203 202 202 202 202
230 230 230 230 230 230 230 230 230 229 229 229 229 229 229 229 229 229 229 229 229 229 229 229 229 229 229 229 229 229 229 229 229 229 229 230 230 230 230 230 230 231 231 231 231 232 231 231 231 230 230 230 229 229 228 228 228 227 227 226 226 225 225 224 224 223 223 222 221 221 220 219 219 218 217 216 215 215 214 213 212 211 209 208 207 206 205 204 203 202 201 200 201 202
230 230 230 230 230 229 229 229 229 229 229 229 229 229 229 229 229 229 229 229 229 229 229 228 228 228 228 228 229 229 229 229 229 229 229 229 229 229 230 230 230 230 231 231 231 231 231 231 230 230 230 229 229 227 228 228 227 227 227 226 226 225 225 224 224 223 223 222 221 221 220 219 218 218 217 216 215 214 214 213 212 211 209 208 206 205 205 204 203 202 201 200 201 201
230 229 229 229 229 229 229 229 229 229 229 229 229 229 229 228 228 228 228 228 228 228 228 228 228 228 228 228 228 228 228 228 228 228 228 229 229 229 229 229 229 230 230 230 231 231 231 230 230 230 228 229 227 226 226 227 227 227 226 226 226 225 225 224 224 223 222 222 221 221 220 219 218 218 217 216 215 214 214 213 212 210 209 208 206 205 204 203 203 202 200 200 201 201
229 229 229 229 229 229 229 229 229 229 229 228 228 228 228 228 228 228 228 228 228 228 228 228 228 228 228 228 228 228 228 228 228 228 228 228 228 228 228 229 229 229 229 230 230 228 230 229 229 228 229 227 228 226 225 225 225 225 225 226 225 225 225 224 224 223 222 222 221 220 220 219 218 217 217 216 215 214 214 213 212 211 208 208 207 206 204 204 203 202 201 200 202 203
229 229 229 229 229 229 229 228 228 228 228 228 228 228 228 228 228 228 228 228 227 227 227 227 227 227 227 227 227 227 227 227 227 227 227 227 227 228 228 228 228 228 229 229 228 228 227 229 227 227 228 228 226 226 225 224 223 223 223 225 225 225 224 224 223 223 222 222 221 220 220 219 218 217 217 216 215 214 214 212 210 210 209 208 207 206 205 205 204 203 202 202 202 203
229 229 229 229 228 228 228 228 228 228 228 228 228 228 228 227 227 227 227 227 227 227 227 227 227 227 227 227 227 227 227 227 227 227 227 227 227 227 227 227 227 226 226 228 228 228 227 226 225 226 227 225 225 225 224 223 223 223 222 223 224 225 224 224 223 223 222 222 221 220 220 219 218 217 217 216 215 214 214 212 210 209 209 208 208 207 205 204 204 202 202 203 202 204
229 228 228 228 228 228 228 228 228 228 228 228 227 227 227 227 227 227 227 227 227 227 226 226 226 226 226 226 226 226 226 226 226 226 226 226 226 226 226 226 225 227 227 227 225 225 225 225 224 224 225 224 223 224 223 222 222 222 222 222 223 223 224 224 223 223 222 222 221 220 219 219 218 217 216 216 215 214 212 211 210 210 209 209 208 206 206 204 203 203 203 203 203 204
228 228 228 228 228 228 228 228 228 227 227 227 227 227 227 227 227 227 226 226 226 226 226 226 226 226 226 226 226 226 225 225 225 225 225 225 225 225 225 226 224 224 226 226 224 223 223 223 222 223 224 222 222 223 222 222 222 222 221 221 222 223 223 224 223 223 222 222 221 220 219 219 218 217 216 216 215 214 212 211 210 210 209 209 207 207 205 204 204 204 204 203 204 204
