MUSICEvapDataQueryTool/BOMEvapData/etapjun.txt
ncols         417
nrows         337
xllcorner     112.15
yllcorner     -43.8
cellsize      0.1
NODATA_value  -9999
[rows 0 to 54 of 337, columns 0 to 95 of 417]
127 127 127 127 127 127 127 127 127 127 127 127 127 127 127 127 127 128 128 128 128 128 128 128 128 128 128 128 128 128 128 129 129 129 129 129 129 129 129 129 129 129 130 130 130 130 130 130 130 130 130 131 131 131 131 131 131 131 131 132 132 132 132 132 132 132 133 133 133 133 133 133 133 134 134 134 134 134 134 135 135 135 135 135 136 136 136 136 136 136 137 137 137 137 137 138
126 126 126 126 126 126 126 126 127 127 127 127 127 127 127 127 127 127 127 127 127 127 127 127 127 128 128 128 128 128 128 128 128 128 128 128 128 129 129 129 129 129 129 129 129 129 129 130 130 130 130 130 130 130 130 130 131 131 131 131 131 131 131 132 132 132 132 132 132 132 133 133 133 133 133 133 134 134 134 134 134 134 135 135 135 135 135 135 136 136 136 136 136 137 137 137
126 126 126 126 126 126 126 126 126 126 126 126 126 126 126 126 126 126 127 127 127 127 127 127 127 127 127 127 127 127 127 127 128 128 128 128 128 128 128 128 128 128 128 129 129 129 129 129 129 129 129 129 130 130 130 130 130 130 130 130 131 131 131 131 131 131 131 132 132 132 132 132 132 132 133 133 133 133 133 133 134 134 134 134 134 135 135 135 135 135 136 136 136 136 136 136
125 125 125 125 125 125 125 125 125 125 126 126 126 126 126 126 126 126 126 126 126 126 126 126 126 126 126 127 127 127 127 127 127 127 127 127 127 127 127 128 128 128 128 128 128 128 128 128 128 129 129 129 129 129 129 129 129 130 130 130 130 130 130 130 131 131 131 131 131 131 131 132 132 132 132 132 132 133 133 133 133 133 133 134 134 134 134 134 135 135 135 135 135 136 136 136
125 125 125 125 125 125 125 125 125 125 125 125 125 125 125 125 125 125 125 125 126 126 126 126 126 126 126 126 126 126 126 126 126 126 127 127 127 127 127 127 127 127 127 127 127 128 128 128 128 128 128 128 128 128 129 129 129 129 129 129 129 130 130 130 130 130 130 130 131 131 131 131 131 131 131 132 132 132 132 132 133 133 133 133 133 133 134 134 134 134 134 135 135 135 135 135
124 124 124 124 124 124 124 124 124 124 124 124 125 125 125 125 125 125 125 125 125 125 125 125 125 125 125 125 125 126 126 126 126 126 126 126 126 126 126 126 126 127 127 127 127 127 127 127 127 127 128 128 128 128 128 128 128 128 129 129 129 129 129 129 129 130 130 130 130 130 130 130 131 131 131 131 131 131 132 132 132 132 132 132 133 133 133 133 133 134 134 134 134 134 135 135
124 124 124 124 124 124 124 124 124 124 124 124 124 124 124 124 124 124 124 124 124 124 125 125 125 125 125 125 125 125 125 125 125 125 125 125 126 126 126 126 126 126 126 126 126 126 127 127 127 127 127 127 127 127 127 128 128 128 128 128 128 128 128 129 129 129 129 129 129 130 130 130 130 130 130 130 131 131 131 131 131 132 132 132 132 132 132 133 133 133 133 133 134 134 134 134
123 123 123 123 123 123 123 123 123 123 123 123 123 123 124 124 124 124 124 124 124 124 124 124 124 124 124 124 124 124 125 125 125 125 125 125 125 125 125 125 125 125 126 126 126 126 126 126 126 126 126 126 127 127 127 127 127 127 127 127 128 128 128 128 128 128 128 129 129 129 129 129 129 130 130 130 130 130 130 131 131 131 131 131 132 132 132 132 132 132 133 133 133 133 133 134
122 122 122 123 123 123 123 123 123 123 123 123 123 123 123 123 123 123 123 123 123 123 123 123 124 124 124 124 124 124 124 124 124 124 124 124 124 124 125 125 125 125 125 125 125 125 125 125 126 126 126 126 126 126 126 126 127 127 127 127 127 127 127 127 128 128 128 128 128 128 128 129 129 129 129 129 129 130 130 130 130 130 131 131 131 131 131 131 132 132 132 132 132 133 133 133
122 122 122 122 122 122 122 122 122 122 122 122 122 122 122 122 123 123 123 123 123 123 123 123 123 123 123 123 123 123 123 123 124 124 124 124 124 124 124 124 124 124 124 124 125 125 125 125 125 125 125 125 125 126 126 126 126 126 126 126 126 127 127 127 127 127 127 127 128 128 128 128 128 128 129 129 129 129 129 129 130 130 130 130 130 131 131 131 131 131 132 132 132 132 132 133
121 121 121 121 121 122 122 122 122 122 122 122 122 122 122 122 122 122 122 122 122 122 122 122 122 122 123 123 123 123 123 123 123 123 123 123 123 123 123 124 124 124 124 124 124 124 124 124 124 124 125 125 125 125 125 125 125 125 126 126 126 126 126 126 126 127 127 127 127 127 127 127 128 128 128 128 128 128 129 129 129 129 129 130 130 130 130 130 131 131 131 131 131 132 132 132
121 121 121 121 121 121 121 121 121 121 121 121 121 121 121 121 121 121 121 122 122 122 122 122 122 122 122 122 122 122 122 122 122 122 123 123 123 123 123 123 123 123 123 123 123 123 124 124 124 124 124 124 124 124 124 125 125 125 125 125 125 125 126 126 126 126 126 126 126 127 127 127 127 127 127 128 128 128 128 128 128 129 129 129 129 129 130 130 130 130 130 131 131 131 131 131
120 120 120 120 120 120 120 120 121 121 121 121 121 121 121 121 121 121 121 121 121 121 121 121 121 121 121 121 121 122 122 122 122 122 122 122 122 122 122 122 122 123 123 123 123 123 123 123 123 123 123 124 124 124 124 124 124 124 124 125 125 125 125 125 125 125 125 126 126 126 126 126 126 127 127 127 127 127 127 128 128 128 128 128 129 129 129 129 129 130 130 130 130 130 131 131
120 120 120 120 120 120 120 120 120 120 120 120 120 120 120 120 120 120 120 120 120 121 121 121 121 121 121 121 121 121 121 121 121 121 121 121 121 122 122 122 122 122 122 122 122 122 122 122 123 123 123 123 123 123 123 123 124 124 124 124 124 124 124 124 125 125 125 125 125 125 125 126 126 126 126 126 126 127 127 127 127 127 128 128 128 128 128 129 129 129 129 129 130 130 130 130
119 119 119 119 119 119 119 119 119 119 119 120 120 120 120 120 120 120 120 120 120 120 120 120 120 120 120 120 120 120 120 121 121 121 121 121 121 121 121 121 121 121 121 122 122 122 122 122 122 122 122 122 122 123 123 123 123 123 123 123 123 124 124 124 124 124 124 124 125 125 125 125 125 125 126 126 126 126 126 126 127 127 127 127 127 128 128 128 128 128 129 129 129 129 129 130
119 119 119 119 119 119 119 119 119 119 119 119 119 119 119 119 119 119 119 119 119 119 119 119 120 120 120 120 120 120 120 120 120 120 120 120 120 120 120 121 121 121 121 121 121 121 121 121 121 122 122 122 122 122 122 122 122 122 123 123 123 123 123 123 123 124 124 124 124 124 124 124 125 125 125 125 125 125 126 126 126 126 126 127 127 127 127 127 128 128 128 128 128 129 129 129
118 118 118 118 118 118 118 118 118 118 118 118 118 118 119 119 119 119 119 119 119 119 119 119 119 119 119 119 119 119 119 119 119 120 120 120 120 120 120 120 120 120 120 120 120 121 121 121 121 121 121 121 121 121 121 122 122 122 122 122 122 122 122 123 123 123 123 123 123 123 124 124 124 124 124 124 125 125 125 125 125 126 126 126 126 126 127 127 127 127 127 128 128 128 128 128
118 118 118 118 118 118 118 118 118 118 118 118 118 118 118 118 118 118 118 118 118 118 118 118 118 118 118 119 119 119 119 119 119 119 119 119 119 119 119 119 119 120 120 120 120 120 120 120 120 120 120 121 121 121 121 121 121 121 121 121 122 122 122 122 122 122 122 123 123 123 123 123 123 124 124 124 124 124 124 125 125 125 125 125 125 126 126 126 126 126 127 127 127 127 128 128
117 117 117 117 117 117 117 117 117 117 117 117 117 117 117 117 117 117 118 118 118 118 118 118 118 118 118 118 118 118 118 118 118 118 118 118 119 119 119 119 119 119 119 119 119 119 119 119 120 120 120 120 120 120 120 120 120 121 121 121 121 121 121 121 122 122 122 122 122 122 122 123 123 123 123 123 123 124 124 124 124 124 124 125 125 125 125 125 126 126 126 126 127 127 127 127
116 116 117 117 117 117 117 117 117 117 117 117 117 117 117 117 117 117 117 117 117 117 117 117 117 117 117 117 117 117 118 118 118 118 118 118 118 118 118 118 118 118 118 119 119 119 119 119 119 119 119 119 119 120 120 120 120 120 120 120 120 120 121 121 121 121 121 121 121 122 122 122 122 122 122 123 123 123 123 123 123 124 124 124 124 124 125 125 125 125 125 126 126 126 126 127
116 116 116 116 116 116 116 116 116 116 116 116 116 116 116 116 116 116 116 116 116 117 117 117 117 117 117 117 117 117 117 117 117 117 117 117 117 117 117 118 118 118 118 118 118 118 118 118 118 118 119 119 119 119 119 119 119 119 119 120 120 120 120 120 120 120 121 121 121 121 121 121 121 122 122 122 122 122 122 123 123 123 123 123 124 124 124 124 124 125 125 125 125 125 126 126
115 115 115 115 115 115 115 116 116 116 116 116 116 116 116 116 116 116 116 116 116 116 116 116 116 116 116 116 116 116 116 116 116 117 117 117 117 117 117 117 117 117 117 117 117 117 118 118 118 118 118 118 118 118 118 118 119 119 119 119 119 119 119 119 120 120 120 120 120 120 121 121 121 121 121 121 122 122 122 122 122 122 123 123 123 123 123 124 124 124 124 124 125 125 125 125
115 115 115 115 115 115 115 115 115 115 115 115 115 115 115 115 115 115 115 115 115 115 115 115 115 116 116 116 116 116 116 116 116 116 116 116 116 116 116 116 116 117 117 117 117 117 117 117 117 117 117 117 118 118 118 118 118 118 118 118 118 119 119 119 119 119 119 119 120 120 120 120 120 120 121 121 121 121 121 121 122 122 122 122 122 123 123 123 123 123 124 124 124 124 124 125
114 114 114 114 114 114 114 114 114 114 114 114 114 115 115 115 115 115 115 115 115 115 115 115 115 115 115 115 115 115 115 115 115 115 115 115 116 116 116 116 116 116 116 116 116 116 116 116 117 117 117 117 117 117 117 117 117 117 118 118 118 118 118 118 118 119 119 119 119 119 119 119 120 120 120 120 120 120 121 121 121 121 121 122 122 122 122 122 123 123 123 123 123 124 124 124
114 114 114 114 114 114 114 114 114 114 114 114 114 114 114 114 114 114 114 114 114 114 114 114 114 114 114 114 114 115 115 115 115 115 115 115 115 115 115 115 115 115 115 115 116 116 116 116 116 116 116 116 116 116 117 117 117 117 117 117 117 117 117 118 118 118 118 118 118 118 119 119 119 119 119 119 120 120 120 120 120 120 121 121 121 121 121 122 122 122 122 123 123 123 123 123
113 113 113 113 113 113 113 113 113 113 113 113 113 113 113 113 113 113 114 114 114 114 114 114 114 114 114 114 114 114 114 114 114 114 114 114 114 114 114 115 115 115 115 115 115 115 115 115 115 115 115 116 116 116 116 116 116 116 116 116 117 117 117 117 117 117 117 118 118 118 118 118 118 118 119 119 119 119 119 119 120 120 120 120 120 121 121 121 121 121 122 122 122 122 123 123
113 113 113 113 113 113 113 113 113 113 113 113 113 113 113 113 113 113 113 113 113 113 113 113 113 113 113 113 113 113 113 113 114 114 114 114 114 114 114 114 114 114 114 114 114 114 114 115 115 115 115 115 115 115 115 115 115 116 116 116 116 116 116 116 116 117 117 117 117 117 117 117 118 118 118 118 118 118 119 119 119 119 119 120 120 120 120 120 121 121 121 121 121 122 122 122
112 112 112 112 112 112 112 112 112 112 112 112 112 112 112 112 112 112 112 112 112 112 112 113 113 113 113 113 113 113 113 113 113 113 113 113 113 113 113 113 113 113 114 114 114 114 114 114 114 114 114 114 114 115 115 115 115 115 115 115 115 115 116 116 116 116 116 116 116 117 117 117 117 117 117 117 118 118 118 118 118 119 119 119 119 119 119 120 120 120 120 121 121 121 121 121
112 112 112 112 112 112 112 112 112 112 112 112 112 112 112 112 112 112 112 112 112 112 112 112 112 112 112 112 112 112 112 112 112 112 112 112 113 113 113 113 113 113 113 113 113 113 113 113 113 113 114 114 114 114 114 114 114 114 114 115 115 115 115 115 115 115 115 116 116 116 116 116 116 116 117 117 117 117 117 117 118 118 118 118 118 119 119 119 119 119 120 120 120 120 121 121
111 111 111 111 111 111 111 111 111 111 111 111 111 111 111 111 111 111 111 111 111 111 111 111 111 111 111 111 112 112 112 112 112 112 112 112 112 112 112 112 112 112 112 112 112 113 113 113 113 113 113 113 113 113 113 113 114 114 114 114 114 114 114 114 114 115 115 115 115 115 115 115 116 116 116 116 116 116 117 117 117 117 117 118 118 118 118 118 119 119 119 119 119 120 120 120
110 110 110 110 110 110 110 110 110 110 110 111 111 111 111 111 111 111 111 111 111 111 111 111 111 111 111 111 111 111 111 111 111 111 111 111 111 111 111 111 112 112 112 112 112 112 112 112 112 112 112 112 112 113 113 113 113 113 113 113 113 113 114 114 114 114 114 114 114 115 115 115 115 115 115 115 116 116 116 116 116 117 117 117 117 117 117 118 118 118 118 119 119 119 119 119
110 110 110 110 110 110 110 110 110 110 110 110 110 110 110 110 110 110 110 110 110 110 110 110 110 110 110 110 110 110 110 110 110 111 111 111 111 111 111 111 111 111 111 111 111 111 111 111 111 112 112 112 112 112 112 112 112 112 112 113 113 113 113 113 113 113 113 114 114 114 114 114 114 114 115 115 115 115 115 115 116 116 116 116 116 117 117 117 117 117 118 118 118 118 119 119
109 109 109 109 109 109 109 109 109 109 109 109 109 109 109 109 109 109 109 109 109 110 110 110 110 110 110 110 110 110 110 110 110 110 110 110 110 110 110 110 110 110 110 110 111 111 111 111 111 111 111 111 111 111 111 111 112 112 112 112 112 112 112 112 113 113 113 113 113 113 113 113 114 114 114 114 114 114 115 115 115 115 115 116 116 116 116 116 117 117 117 117 117 118 118 118
109 109 109 109 109 109 109 109 109 109 109 109 109 109 109 109 109 109 109 109 109 109 109 109 109 109 109 109 109 109 109 109 109 109 109 109 109 109 110 110 110 110 110 110 110 110 110 110 110 110 110 110 111 111 111 111 111 111 111 111 111 111 112 112 112 112 112 112 112 113 113 113 113 113 113 113 114 114 114 114 114 114 115 115 115 115 115 116 116 116 116 116 117 117 117 117
108 108 108 108 108 108 108 108 108 108 108 108 108 108 108 108 108 108 108 108 108 108 108 108 108 108 108 108 109 109 109 109 109 109 109 109 109 109 109 109 109 109 109 109 109 109 109 110 110 110 110 110 110 110 110 110 110 110 111 111 111 111 111 111 111 111 111 112 112 112 112 112 112 112 113 113 113 113 113 113 114 114 114 114 114 115 115 115 115 115 116 116 116 116 116 117
108 108 108 108 108 108 108 108 108 108 108 108 108 108 108 108 108 108 108 108 108 108 108 108 108 108 108 108 108 108 108 108 108 108 108 108 108 108 108 108 108 108 109 109 109 109 109 109 109 109 109 109 109 109 109 110 110 110 110 110 110 110 110 110 111 111 111 111 111 111 111 111 112 112 112 112 112 112 113 113 113 113 113 113 114 114 114 114 114 115 115 115 115 116 116 116
107 107 107 107 107 107 107 107 107 107 107 107 107 107 107 107 107 107 107 107 107 107 107 107 107 107 107 107 107 107 107 107 107 107 107 108 108 108 108 108 108 108 108 108 108 108 108 108 108 108 108 109 109 109 109 109 109 109 109 109 109 110 110 110 110 110 110 110 110 111 111 111 111 111 111 111 112 112 112 112 112 112 113 113 113 113 113 114 114 114 114 114 115 115 115 115
107 107 107 107 107 107 107 107 107 107 107 107 107 107 107 107 107 107 107 107 107 107 107 107 107 107 107 107 107 107 107 107 107 107 107 107 107 107 107 107 107 107 107 107 107 107 108 108 108 108 108 108 108 108 108 108 108 108 109 109 109 109 109 109 109 109 109 110 110 110 110 110 110 110 111 111 111 111 111 111 112 112 112 112 112 112 113 113 113 113 113 114 114 114 114 115
106 106 106 106 106 106 106 106 106 106 106 106 106 106 106 106 106 106 106 106 106 106 106 106 106 106 106 106 106 106 106 106 106 106 106 106 106 106 106 106 107 107 107 107 107 107 107 107 107 107 107 107 107 107 107 108 108 108 108 108 108 108 108 108 109 109 109 109 109 109 109 109 110 110 110 110 110 110 110 111 111 111 111 111 112 112 112 112 112 113 113 113 113 113 114 114
106 106 105 105 105 105 105 105 105 105 105 105 105 105 105 105 105 105 105 105 105 105 105 105 105 105 105 105 105 105 106 106 106 106 106 106 106 106 106 106 106 106 106 106 106 106 106 106 106 106 106 107 107 107 107 107 107 107 107 107 107 107 108 108 108 108 108 108 108 108 109 109 109 109 109 109 109 110 110 110 110 110 110 111 111 111 111 111 112 112 112 112 112 113 113 113
105 105 105 105 105 105 105 105 105 105 105 105 105 105 105 105 105 105 105 105 105 105 105 105 105 105 105 105 105 105 105 105 105 105 105 105 105 105 105 105 105 105 105 105 105 106 106 106 106 106 106 106 106 106 106 106 106 106 107 107 107 107 107 107 107 107 107 108 108 108 108 108 108 108 108 109 109 109 109 109 109 110 110 110 110 110 110 111 111 111 111 111 112 112 112 112
104 104 104 104 104 104 104 104 104 104 104 104 104 104 104 104 104 104 104 104 104 104 104 104 104 104 104 104 104 104 104 104 104 104 104 104 104 104 105 105 105 105 105 105 105 105 105 105 105 105 105 105 105 105 105 106 106 106 106 106 106 106 106 106 106 107 107 107 107 107 107 107 107 108 108 108 108 108 108 109 109 109 109 109 109 110 110 110 110 110 111 111 111 111 111 112
104 104 104 104 104 104 104 104 104 104 104 104 104 104 104 104 104 104 104 104 104 104 104 104 104 104 104 104 104 104 104 104 104 104 104 104 104 104 104 104 104 104 104 104 104 104 104 104 104 104 105 105 105 105 105 105 105 105 105 105 105 105 106 106 106 106 106 106 106 106 106 107 107 107 107 107 107 107 108 108 108 108 108 108 109 109 109 109 109 110 110 110 110 110 111 111
103 103 103 103 103 103 103 103 103 103 103 103 103 103 103 103 103 103 103 103 103 103 103 103 103 103 103 103 103 103 103 103 103 103 103 103 103 103 103 103 103 103 103 103 104 104 104 104 104 104 104 104 104 104 104 104 104 104 104 105 105 105 105 105 105 105 105 105 106 106 106 106 106 106 106 106 107 107 107 107 107 107 108 108 108 108 108 108 109 109 109 109 109 110 110 110
103 103 103 103 103 103 103 103 103 103 103 103 102 102 102 102 102 102 102 102 102 102 102 102 102 102 102 102 102 102 102 102 102 102 103 103 103 103 103 103 103 103 103 103 103 103 103 103 103 103 103 103 103 103 103 104 104 104 104 104 104 104 104 104 104 104 105 105 105 105 105 105 105 105 106 106 106 106 106 106 107 107 107 107 107 107 108 108 108 108 108 109 109 109 109 109
102 102 102 102 102 102 102 102 102 102 102 102 102 102 102 102 102 102 102 102 102 102 102 102 102 102 102 102 102 102 102 102 102 102 102 102 102 102 102 102 102 102 102 102 102 102 102 102 102 102 103 103 103 103 103 103 103 103 103 103 103 103 103 104 104 104 104 104 104 104 104 105 105 105 105 105 105 105 105 106 106 106 106 106 106 107 107 107 107 107 108 108 108 108 108 109
102 102 102 102 102 102 101 101 101 101 101 101 101 101 101 101 101 101 101 101 101 101 101 101 101 101 101 101 101 101 101 101 101 101 101 101 101 101 101 101 101 101 101 102 102 102 102 102 102 102 102 102 102 102 102 102 102 102 102 103 103 103 103 103 103 103 103 103 103 104 104 104 104 104 104 104 104 105 105 105 105 105 105 106 106 106 106 106 106 107 107 107 107 107 108 108
101 101 101 101 101 101 101 101 101 101 101 101 101 101 101 101 101 101 101 101 101 101 101 101 101 101 101 101 101 101 101 101 101 101 101 101 101 101 101 101 101 101 101 101 101 101 101 101 101 101 101 101 101 101 101 102 102 102 102 102 102 102 102 102 102 102 103 103 103 103 103 103 103 103 103 104 104 104 104 104 104 105 105 105 105 105 105 106 106 106 106 106 106 107 107 107
101 101 101 100 100 100 100 100 100 100 100 100 100 100 100 100 100 100 100 100 100 100 100 100 100 100 100 100 100 100 100 100 100 100 100 100 100 100 100 100 100 100 100 100 100 100 100 100 100 100 101 101 101 101 101 101 101 101 101 101 101 101 101 101 102 102 102 102 102 102 102 102 102 103 103 103 103 103 103 103 104 104 104 104 104 104 105 105 105 105 105 106 106 106 106 106
100 100 100 100 100 100 100 100 100 100 100 100 100 100 100 100 100 99 99 99 99 99 99 99 99 99 99 99 99 99 99 99 99 99 99 99 99 99 99 99 99 99 100 100 100 100 100 100 100 100 100 100 100 100 100 100 100 100 100 100 101 101 101 101 101 101 101 101 101 101 102 102 102 102 102 102 102 102 103 103 103 103 103 103 104 104 104 104 104 104 105 105 105 105 105 106
99 99 99 99 99 99 99 99 99 99 99 99 99 99 99 99 99 99 99 99 99 99 99 99 99 99 99 99 99 99 99 99 99 99 99 99 99 99 99 99 99 99 99 99 99 99 99 99 99 99 99 99 99 99 99 99 100 100 100 100 100 100 100 100 100 100 100 100 101 101 101 101 101 101 101 101 102 102 102 102 102 102 102 103 103 103 103 103 103 104 104 104 104 104 105 105
99 99 99 99 99 99 99 99 99 99 99 99 98 98 98 98 98 98 98 98 98 98 98 98 98 98 98 98 98 98 98 98 98 98 98 98 98 98 98 98 98 98 98 98 98 98 98 98 98 98 99 99 99 99 99 99 99 99 99 99 99 99 99 99 99 100 100 100 100 100 100 100 100 100 101 101 101 101 101 101 101 102 102 102 102 102 102 102 103 103 103 103 103 104 104 104
98 98 98 98 98 98 98 98 98 98 98 98 98 98 98 98 98 98 98 98 98 98 98 98 98 98 98 98 97 97 97 97 97 97 97 97 97 97 97 98 98 98 98 98 98 98 98 98 98 98 98 98 98 98 98 98 98 98 98 98 98 99 99 99 99 99 99 99 99 99 99 99 100 100 100 100 100 100 100 100 101 101 101 101 101 101 102 102 102 102 102 102 103 103 103 103
98 98 98 98 98 98 98 98 97 97 97 97 97 97 97 97 97 97 97 97 97 97 97 97 97 97 97 97 97 97 97 97 97 97 97 97 97 97 97 97 97 97 97 97 97 97 97 97 97 97 97 97 97 97 97 97 97 98 98 98 98 98 98 98 98 98 98 98 98 99 99 99 99 99 99 99 99 99 100 100 100 100 100 100 100 101 101 101 101 101 101 102 102 102 102 102
97 97 97 97 97 97 97 97 97 97 97 97 97 97 97 97 97 97 97 96 96 96 96 96 96 96 96 96 96 96 96 96 96 96 96 96 96 96 96 96 96 96 96 96 96 96 96 96 96 96 96 97 97 97 97 97 97 97 97 97 97 97 97 97 97 97 98 98 98 98 98 98 98 98 98 98 99 99 99 99 99 99 99 100 100 100 100 100 100 101 101 101 101 101 101 102
