MUSICEvapDataQueryTool/BOMEvapData/etapmar.txt
ncols         417
nrows         337
xllcorner     112.15
yllcorner     -43.8
cellsize      0.1
NODATA_value  -9999
[rows 0 to 41 of 337, columns 94 to 187 of 417]
236 236 236 236 236 236 236 236 236 237 237 237 237 237 237 237 237 238 238 238 238 238 238 238 238 238 239 239 239 239 239 239 239 239 239 239 239 239 240 240 240 240 240 240 240 240 240 240 240 240 240 240 240 240 240 240 240 240 240 240 240 240 239 239 239 239 239 239 239 239 239 239 239 239 239 239 239 239 239 239 239 239 239 239 239 240 240 240 240 240 240 240 241 241
235 235 235 235 235 236 236 236 236 236 236 236 236 237 237 237 237 237 237 237 237 238 238 238 238 238 238 238 238 238 238 239 239 239 239 239 239 239 239 239 239 239 239 239 239 239 239 239 239 239 239 239 239 239 239 239 239 239 239 239 239 239 239 239 239 239 239 239 239 239 239 238 238 238 238 238 238 238 238 238 238 239 239 239 239 239 239 239 239 239 240 240 240 240
234 235 235 235 235 235 235 235 235 236 236 236 236 236 236 236 236 237 237 237 237 237 237 237 237 237 238 238 238 238 238 238 238 238 238 238 238 238 239 239 239 239 239 239 239 239 239 239 239 239 239 239 239 239 239 239 239 239 239 239 238 238 238 238 238 238 238 238 238 238 238 238 238 238 238 238 238 238 238 238 238 238 238 238 238 238 238 238 239 239 239 239 239 240
234 234 234 234 234 235 235 235 235 235 235 235 235 236 236 236 236 236 236 236 236 236 237 237 237 237 237 237 237 237 237 238 238 238 238 238 238 238 238 238 238 238 238 238 238 238 238 238 238 238 238 238 238 238 238 238 238 238 238 238 238 238 238 238 238 238 238 237 237 237 237 237 237 237 237 237 237 237 237 237 237 237 237 237 237 237 238 238 238 238 238 239 239 239
233 234 234 234 234 234 234 234 234 235 235 235 235 235 235 235 235 236 236 236 236 236 236 236 236 236 237 237 237 237 237 237 237 237 237 237 237 238 238 238 238 238 238 238 238 238 238 238 238 238 238 238 238 238 238 238 238 238 237 237 237 237 237 237 237 237 237 237 237 237 237 237 237 236 236 236 236 236 236 236 236 236 236 237 237 237 237 237 237 237 238 238 238 238
233 233 233 233 233 233 234 234 234 234 234 234 234 234 235 235 235 235 235 235 235 235 236 236 236 236 236 236 236 236 236 237 237 237 237 237 237 237 237 237 237 237 237 237 237 237 237 237 237 237 237 237 237 237 237 237 237 237 237 237 237 237 237 237 236 236 236 236 236 236 236 236 236 236 236 236 236 236 236 236 236 236 236 236 236 236 236 236 236 237 237 237 237 238
232 232 233 233 233 233 233 233 233 233 234 234 234 234 234 234 234 234 235 235 235 235 235 235 235 235 236 236 236 236 236 236 236 236 236 236 236 237 237 237 237 237 237 237 237 237 237 237 237 237 237 237 237 237 237 237 237 236 236 236 236 236 236 236 236 236 236 236 236 235 235 235 235 235 235 235 235 235 235 235 235 235 235 235 235 235 235 235 236 236 236 236 237 237
232 232 232 232 232 232 233 233 233 233 233 233 233 233 234 234 234 234 234 234 234 234 235 235 235 235 235 235 235 235 235 236 236 236 236 236 236 236 236 236 236 236 236 236 236 236 236 236 236 236 236 236 236 236 236 236 236 236 236 236 236 236 235 235 235 235 235 235 235 235 235 235 235 234 234 234 234 234 234 234 234 234 234 234 234 234 234 235 235 235 235 236 236 236
231 231 231 232 232 232 232 232 232 232 232 233 233 233 233 233 233 233 234 234 234 234 234 234 234 234 235 235 235 235 235 235 235 235 235 235 236 236 236 236 236 236 236 236 236 236 236 236 236 236 236 236 236 236 236 236 235 235 235 235 235 235 235 235 235 235 234 234 234 234 234 234 234 234 234 234 234 233 233 233 233 233 233 233 233 234 234 234 234 234 235 235 235 236
231 231 231 231 231 231 231 232 232 232 232 232 232 232 232 233 233 233 233 233 233 233 234 234 234 234 234 234 234 234 234 235 235 235 235 235 235 235 235 235 235 235 235 235 235 235 235 235 235 235 235 235 235 235 235 235 235 235 235 235 235 234 234 234 234 234 234 234 234 234 233 233 233 233 233 233 233 233 233 233 233 233 233 233 233 233 233 233 233 233 234 234 234 235
230 230 230 231 231 231 231 231 231 231 231 232 232 232 232 232 232 232 232 233 233 233 233 233 233 233 233 234 234 234 234 234 234 234 234 234 235 235 235 235 235 235 235 235 235 235 235 235 235 235 235 235 235 235 235 235 234 234 234 234 234 234 234 234 234 233 233 233 233 233 233 233 232 232 232 232 232 232 232 232 232 232 232 232 232 232 232 232 231 232 233 233 233 234
230 230 230 230 230 230 230 230 231 231 231 231 231 231 231 232 232 232 232 232 232 232 232 233 233 233 233 233 233 233 233 234 234 234 234 234 234 234 234 234 234 234 234 234 234 234 234 234 234 234 234 234 234 234 234 234 234 234 234 234 233 233 233 233 233 233 233 232 232 232 232 232 232 232 232 231 231 231 231 231 231 231 231 231 231 231 231 230 230 230 232 232 232 232
229 229 229 229 230 230 230 230 230 230 230 230 231 231 231 231 231 231 231 232 232 232 232 232 232 232 232 233 233 233 233 233 233 233 233 233 234 234 234 234 234 234 234 234 234 234 234 234 234 234 234 234 234 234 234 233 233 233 233 233 233 233 233 232 232 232 232 232 232 232 231 231 231 231 231 231 231 230 230 230 230 230 230 230 230 230 229 229 229 229 230 231 230 231
228 229 229 229 229 229 229 229 229 230 230 230 230 230 230 230 231 231 231 231 231 231 231 232 232 232 232 232 232 232 232 233 233 233 233 233 233 233 233 233 233 233 233 234 234 234 234 234 233 233 233 233 233 233 233 233 233 233 233 232 232 232 232 232 232 232 231 231 231 231 231 231 230 230 230 230 230 230 230 229 229 229 229 229 229 229 228 228 229 228 229 229 230 230
228 228 228 228 228 229 229 229 229 229 229 229 229 230 230 230 230 230 230 230 231 231 231 231 231 231 231 232 232 232 232 232 232 232 232 232 233 233 233 233 233 233 233 233 233 233 233 233 233 233 233 233 233 233 233 232 232 232 232 232 232 232 231 231 231 231 231 231 230 230 230 230 230 229 229 229 229 229 229 229 228 228 228 228 228 228 227 227 227 228 228 228 228 229
227 227 228 228 228 228 228 228 228 228 229 229 229 229 229 229 229 230 230 230 230 230 230 230 231 231 231 231 231 231 231 232 232 232 232 232 232 232 232 232 232 232 233 233 233 233 233 233 233 232 232 232 232 232 232 232 232 232 232 231 231 231 231 231 230 230 230 230 230 230 229 229 229 229 229 228 228 228 228 228 228 228 227 227 226 226 226 226 226 227 227 227 227 227
227 227 227 227 227 227 228 228 228 228 228 228 228 228 229 229 229 229 229 229 229 230 230 230 230 230 230 230 231 231 231 231 231 231 231 231 232 232 232 232 232 232 232 232 232 232 232 232 232 232 232 232 232 232 232 231 231 231 231 231 231 230 230 230 230 230 229 229 229 229 229 228 228 228 228 228 227 227 227 227 227 227 227 226 226 226 226 227 227 227 227 227 226 227
226 226 226 227 227 227 227 227 227 227 227 228 228 228 228 228 228 228 229 229 229 229 229 229 229 230 230 230 230 230 230 230 231 231 231 231 231 231 231 231 231 232 232 232 232 232 232 232 232 232 231 231 231 231 231 231 231 231 230 230 230 230 230 229 229 229 229 229 228 228 228 228 227 227 227 227 227 226 226 226 226 226 226 226 225 225 225 226 226 226 226 226 227 227
226 226 226 226 226 226 226 226 227 227 227 227 227 227 227 228 228 228 228 228 228 228 229 229 229 229 229 229 229 230 230 230 230 230 230 230 231 231 231 231 231 231 231 231 231 231 231 231 231 231 231 231 231 231 231 230 230 230 230 230 229 229 229 229 229 228 228 228 228 227 227 227 227 227 226 226 226 226 225 225 225 225 225 225 225 224 224 225 225 225 225 225 225 226
225 225 225 225 226 226 226 226 226 226 226 226 227 227 227 227 227 227 227 228 228 228 228 228 228 228 229 229 229 229 229 229 230 230 230 230 230 230 230 230 231 231 231 231 231 231 231 231 231 231 230 230 230 230 230 230 230 230 229 229 229 229 229 228 228 228 228 227 227 227 227 226 226 226 226 225 225 225 225 224 224 224 224 224 224 224 223 224 224 224 224 224 224 225
224 225 225 225 225 225 225 225 225 226 226 226 226 226 226 226 227 227 227 227 227 227 227 228 228 228 228 228 228 229 229 229 229 229 229 229 230 230 230 230 230 230 230 230 230 230 230 230 230 230 230 230 230 230 230 229 229 229 229 229 228 228 228 228 227 227 227 227 226 226 226 226 225 225 225 224 224 224 224 223 223 223 223 223 223 222 222 222 222 223 223 223 223 223
224 224 224 224 224 224 225 225 225 225 225 225 225 226 226 226 226 226 226 226 227 227 227 227 227 227 227 228 228 228 228 228 228 229 229 229 229 229 229 229 230 230 230 230 230 230 230 230 230 230 230 229 229 229 229 229 229 228 228 228 228 228 227 227 227 227 226 226 226 225 225 225 225 224 224 224 223 223 223 223 222 222 222 222 222 221 221 221 221 221 222 222 222 221
223 223 223 224 224 224 224 224 224 224 224 225 225 225 225 225 225 225 226 226 226 226 226 226 227 227 227 227 227 227 228 228 228 228 228 228 229 229 229 229 229 229 229 229 229 229 229 229 229 229 229 229 229 229 228 228 228 228 228 227 227 227 227 226 226 226 226 225 225 225 224 224 224 224 223 223 223 222 222 222 221 221 221 221 221 220 220 220 220 220 219 220 220 220
223 223 223 223 223 223 223 223 224 224 224 224 224 224 224 225 225 225 225 225 225 225 226 226 226 226 226 226 227 227 227 227 227 227 228 228 228 228 228 228 229 229 229 229 229 229 229 229 229 229 229 228 228 228 228 228 228 227 227 227 227 226 226 226 226 225 225 225 224 224 224 224 223 223 223 222 222 222 221 221 221 220 220 220 220 219 219 219 219 218 218 218 218 219
222 222 222 222 223 223 223 223 223 223 223 223 224 224 224 224 224 224 224 225 225 225 225 225 225 225 226 226 226 226 226 227 227 227 227 227 227 228 228 228 228 228 228 228 228 228 228 228 228 228 228 228 228 228 227 227 227 227 227 226 226 226 226 225 225 225 224 224 224 223 223 223 222 222 222 221 221 221 220 220 220 219 219 219 218 218 218 218 217 217 217 217 217 217
221 222 222 222 222 222 222 222 222 223 223 223 223 223 223 223 223 224 224 224 224 224 224 225 225 225 225 225 225 226 226 226 226 226 227 227 227 227 227 227 228 228 228 228 228 228 228 228 228 228 228 227 227 227 227 227 226 226 226 226 225 225 225 225 224 224 224 223 223 223 222 222 222 221 221 221 220 220 220 219 219 218 218 218 217 217 217 217 216 216 216 215 215 216
221 221 221 221 221 221 222 222 222 222 222 222 222 222 223 223 223 223 223 223 223 224 224 224 224 224 224 225 225 225 225 225 226 226 226 226 226 227 227 227 227 227 227 227 227 227 227 227 227 227 227 227 227 227 226 226 226 226 225 225 225 225 224 224 224 223 223 223 223 222 222 221 221 221 220 220 220 219 219 218 218 217 217 217 216 216 216 216 214 214 214 214 214 214
220 220 220 221 221 221 221 221 221 221 221 222 222 222 222 222 222 222 222 223 223 223 223 223 223 224 224 224 224 224 224 225 225 225 225 226 226 226 226 226 227 227 227 227 227 227 227 227 227 227 227 226 226 226 226 226 225 225 225 225 224 224 224 223 223 223 223 222 222 222 221 221 220 220 220 219 219 218 218 217 217 217 216 216 215 214 214 213 213 213 213 213 213 213
220 220 220 220 220 220 220 220 221 221 221 221 221 221 221 221 222 222 222 222 222 222 222 223 223 223 223 223 223 224 224 224 224 224 225 225 225 225 226 226 226 226 226 226 227 227 227 227 226 226 226 226 226 226 225 225 225 225 224 224 224 223 223 223 223 222 222 222 221 221 221 220 220 219 219 219 218 218 217 217 216 216 215 215 214 213 212 212 211 212 211 211 211 211
219 219 219 219 219 220 220 220 220 220 220 220 220 220 221 221 221 221 221 221 221 222 222 222 222 222 222 223 223 223 223 223 224 224 224 224 224 225 225 225 225 226 226 226 226 226 226 226 226 226 226 225 225 225 225 224 224 224 224 223 223 223 223 222 222 222 221 221 221 220 220 220 219 219 218 218 217 217 216 216 215 215 214 214 212 212 211 211 211 210 210 209 209 210
218 218 219 219 219 219 219 219 219 219 219 220 220 220 220 220 220 220 220 221 221 221 221 221 221 222 222 222 222 222 222 223 223 223 223 224 224 224 224 225 225 225 225 225 226 226 226 226 225 225 225 225 225 224 224 224 224 223 223 223 222 222 222 222 221 221 221 220 220 220 219 219 219 218 218 217 217 216 216 215 215 214 213 213 212 212 210 210 209 209 209 208 208 208
218 218 218 218 218 218 218 218 219 219 219 219 219 219 219 219 220 220 220 220 220 220 220 220 221 221 221 221 221 222 222 222 222 222 223 223 223 223 224 224 224 224 225 225 225 225 225 225 225 225 225 224 224 224 223 223 223 223 222 222 222 222 221 221 221 220 220 220 219 219 219 218 218 218 217 217 216 216 215 214 214 213 213 212 211 211 209 209 208 207 207 207 206 207
217 217 217 217 218 218 218 218 218 218 218 218 218 218 219 219 219 219 219 219 219 219 220 220 220 220 220 220 221 221 221 221 221 222 222 222 222 223 223 223 224 224 224 224 225 225 225 225 224 224 224 224 223 223 223 222 222 222 222 221 221 221 221 220 220 220 220 219 219 219 218 218 217 217 216 216 215 215 214 214 213 213 212 211 211 209 208 208 207 206 206 206 205 205
216 217 217 217 217 217 217 217 217 217 217 218 218 218 218 218 218 218 218 219 219 219 219 219 219 219 220 220 220 220 220 220 221 221 221 221 222 222 222 222 223 223 223 224 224 224 224 224 224 224 223 223 223 222 222 222 222 221 221 221 221 220 220 220 220 219 219 219 218 218 218 217 217 216 216 215 215 214 214 213 213 212 210 209 209 208 207 206 206 205 205 204 204 204
216 216 216 216 216 216 216 217 217 217 217 217 217 217 217 217 217 218 218 218 218 218 218 218 218 219 219 219 219 219 219 220 220 220 220 221 221 221 221 222 222 222 223 223 223 224 224 223 223 223 222 222 222 222 221 221 221 221 220 220 220 220 219 219 219 219 218 218 218 217 217 217 216 216 215 215 214 214 213 213 212 211 209 209 208 207 206 206 205 204 203 202 203 203
215 215 215 215 216 216 216 216 216 216 216 216 216 216 217 217 217 217 217 217 217 217 217 218 218 218 218 218 218 218 219 219 219 219 219 220 220 220 221 221 221 222 222 222 223 223 223 223 222 222 222 221 221 220 220 220 220 220 220 219 219 219 219 219 218 218 218 218 217 217 217 216 216 215 215 214 214 213 213 212 212 211 209 208 207 206 205 205 204 203 202 201 202 203
215 215 215 215 215 215 215 215 215 215 215 216 216 216 216 216 216 216 216 216 216 217 217 217 217 217 217 217 217 218 218 218 218 218 219 219 219 219 220 220 220 221 221 221 222 222 222 222 221 221 220 220 219 218 218 219 219 219 219 219 218 218 218 218 218 217 217 217 217 216 216 216 215 215 214 214 213 213 212 212 211 209 208 208 206 205 205 204 204 202 201 201 202 202
214 214 214 214 214 214 214 215 215 215 215 215 215 215 215 215 215 215 216 216 216 216 216 216 216 216 216 216 217 217 217 217 217 217 218 218 218 218 219 219 219 219 220 220 221 219 221 220 220 219 220 218 219 217 217 217 217 217 217 218 218 218 217 217 217 217 217 216 216 216 216 215 215 214 214 214 213 213 212 211 211 210 208 207 207 206 204 204 203 202 201 201 202 202
213 213 213 214 214 214 214 214 214 214 214 214 214 214 214 215 215 215 215 215 215 215 215 215 215 215 216 216 216 216 216 216 216 216 217 217 217 217 218 218 218 218 219 219 218 218 217 219 218 218 218 218 217 217 216 215 215 215 215 217 217 217 217 217 216 216 216 216 216 215 215 215 214 214 214 213 213 212 212 210 209 209 208 207 206 205 205 204 203 203 202 201 202 203
213 213 213 213 213 213 213 213 213 213 213 213 214 214 214 214 214 214 214 214 214 214 214 214 215 215 215 215 215 215 215 215 215 216 216 216 216 216 216 217 217 216 216 218 218 218 217 217 216 216 217 216 215 215 215 214 214 214 214 214 215 216 216 216 216 216 216 215 215 215 215 214 214 214 213 213 212 212 211 210 209 208 208 207 207 206 204 203 203 202 201 202 201 203
212 212 212 212 212 212 212 213 213 213 213 213 213 213 213 213 213 213 213 213 213 214 214 214 214 214 214 214 214 214 214 214 214 215 215 215 215 215 215 215 214 216 216 216 215 215 215 215 214 214 214 214 213 214 213 213 213 213 213 213 213 214 215 215 215 215 215 215 215 214 214 214 214 213 213 213 212 212 210 209 209 208 208 207 206 205 204 203 202 202 201 202 202 202
211 211 211 212 212 212 212 212 212 212 212 212 212 212 212 212 212 212 213 213 213 213 213 213 213 213 213 213 213 213 213 213 213 214 214 214 214 214 214 214 213 213 215 215 213 213 213 212 212 212 213 212 212 213 211 211 212 212 211 212 212 213 213 215 215 214 214 214 214 214 214 214 213 213 213 212 212 211 210 209 208 208 208 207 206 205 204 203 202 202 202 202 202 202
