MUSICEvapDataQueryTool/BOMEvapData/etapdec.txt
ncols         417
nrows         337
xllcorner     112.15
yllcorner     -43.8
cellsize      0.1
NODATA_value  -9999
[rows 294 to 335 of 337, columns 282 to 375 of 417]
143 143 142 142 142 142 142 141 141 141 141 140 140 140 139 139 139 139 138 138 138 138 138 138 138 138 138 138 138 138 138 139 139 139 139 138 138 139 139 139 139 139 139 139 139 139 139 139 139 138 138 138 137 136 135 135 133 133 132 131 130 130 130 131 131 132 132 133 134 135 136 137 138 138 139 140 141 141 142 142 143 143 144 145 145 145 146 146 147 147 148 148 149 149
143 142 142 142 142 142 141 141 141 141 141 140 140 140 140 139 139 139 139 138 138 138 138 138 138 138 138 138 138 138 139 139 139 139 139 138 137 139 139 139 139 139 138 138 138 138 138 138 138 138 137 137 136 136 135 134 133 133 132 131 131 131 131 131 132 132 133 134 135 135 136 137 138 139 139 139 140 141 142 142 143 143 144 144 145 145 146 146 147 147 148 148 149 149
142 142 142 142 142 142 141 141 141 141 141 140 140 140 140 139 139 139 139 139 138 138 138 138 138 138 138 138 138 139 139 139 139 139 139 137 137 138 139 138 138 138 138 138 138 138 138 138 138 137 137 136 136 135 135 134 133 133 132 132 132 132 132 132 133 133 134 134 135 136 137 137 138 139 138 138 140 140 142 142 143 143 144 144 145 145 146 146 147 147 147 148 148 149
142 142 142 142 142 142 141 141 141 141 141 140 140 140 140 139 139 139 139 139 139 139 139 138 138 138 139 139 139 139 139 139 139 139 139 137 137 137 138 138 138 138 138 138 138 138 137 137 137 137 136 136 135 135 134 134 133 133 132 132 132 132 132 133 133 134 134 135 136 136 137 138 138 139 140 139 139 140 140 142 143 143 144 144 145 145 145 146 146 147 147 148 148 149
142 142 142 142 142 141 141 141 141 141 141 140 140 140 140 140 139 139 139 139 139 139 139 139 139 139 139 139 139 139 139 139 139 139 139 137 137 138 138 138 138 138 138 138 138 137 137 137 137 136 136 136 135 135 134 134 133 133 132 132 132 133 133 133 134 134 135 136 136 137 138 138 139 139 140 140 138 139 141 142 143 143 143 144 144 145 145 146 146 147 147 147 148 148
142 142 142 142 142 141 141 141 141 141 141 140 140 140 140 140 140 139 139 139 139 139 139 139 139 139 139 139 139 139 139 139 139 139 139 139 139 138 138 138 138 138 138 137 137 137 137 136 136 136 136 135 135 134 134 133 133 133 132 132 133 133 133 134 134 135 136 136 137 138 138 139 139 140 140 140 139 139 141 142 143 143 143 144 144 145 145 145 146 146 147 147 148 148
142 142 142 142 141 141 141 141 141 141 141 140 140 140 140 140 140 139 139 139 139 139 139 139 139 139 139 139 139 139 139 139 139 139 139 139 139 138 138 138 138 138 137 137 137 137 136 136 136 135 135 135 134 134 134 133 133 132 132 132 133 133 134 134 135 136 136 137 138 138 139 139 139 140 140 138 141 140 142 141 142 143 143 144 144 144 145 145 146 146 147 147 147 148
142 142 142 142 141 141 141 141 141 141 141 140 140 140 140 140 140 140 139 139 139 139 139 139 139 139 139 139 139 139 139 139 139 139 139 139 139 138 138 138 138 138 137 137 137 135 136 136 135 135 135 134 134 134 133 133 132 132 132 132 133 133 134 135 136 136 137 138 138 139 139 139 140 140 140 141 140 137 141 141 141 143 143 143 144 144 145 145 145 146 146 147 147 148
142 142 142 141 141 141 141 141 141 141 141 140 140 140 140 140 140 140 140 139 139 139 139 139 139 139 139 139 139 139 139 139 139 139 139 139 139 138 138 138 138 137 137 135 136 134 136 135 135 135 135 134 134 133 133 132 132 132 132 132 132 133 134 135 136 137 138 138 139 139 139 140 140 140 140 141 141 141 142 140 142 142 143 143 144 144 144 145 145 146 146 146 147 147
142 142 141 141 141 141 141 141 141 141 141 140 140 140 140 140 140 140 140 140 140 139 139 139 139 139 139 139 139 139 139 139 139 139 139 139 139 138 138 138 138 137 137 135 136 134 135 135 135 134 134 134 134 133 133 132 131 131 131 131 132 133 134 136 137 138 138 139 139 140 140 140 140 140 140 141 141 140 141 142 142 142 143 143 143 144 144 144 145 145 146 146 147 147
142 142 141 141 141 141 141 141 141 141 141 140 140 140 140 140 140 140 140 140 140 140 140 139 139 139 139 139 139 139 139 139 139 139 139 139 139 138 138 138 138 137 137 135 136 134 134 135 134 134 134 134 134 133 132 131 130 130 130 130 131 133 134 136 137 138 139 139 140 140 140 140 140 140 140 141 141 141 141 141 142 142 142 143 143 143 144 144 145 145 145 146 146 147
142 141 141 141 141 141 141 141 141 141 141 140 140 140 140 140 140 140 140 140 140 140 140 140 140 140 140 139 139 139 139 139 139 139 139 139 139 139 138 138 138 137 137 135 134 134 133 134 134 134 134 134 134 133 132 131 129 129 128 129 130 132 134 136 138 139 140 140 140 140 140 140 139 140 140 140 140 141 141 141 141 142 142 142 143 143 143 144 144 145 145 146 146 146
141 141 141 141 141 141 141 141 141 141 141 140 140 140 140 140 140 140 140 140 140 140 140 140 140 140 140 140 140 140 139 139 139 139 139 139 139 139 138 138 138 137 137 135 134 133 132 132 131 130 131 130 134 133 132 130 128 127 126 127 128 131 134 136 139 140 140 140 140 140 140 140 139 139 139 139 139 139 139 141 141 141 142 142 142 143 143 144 144 144 145 145 146 146
141 141 141 141 141 141 141 141 141 141 141 140 140 140 140 140 140 140 140 140 140 140 140 140 140 140 140 140 140 140 140 140 139 139 139 139 139 139 138 138 138 137 135 134 134 133 132 129 128 128 127 127 131 133 132 128 126 124 124 125 126 129 133 137 139 141 140 140 140 139 139 139 139 139 139 138 139 139 139 140 141 141 141 142 142 142 143 143 144 144 144 145 145 146
141 141 141 141 141 141 141 141 141 141 141 140 140 140 140 140 140 140 140 140 140 140 140 140 140 140 140 140 140 140 140 140 140 139 139 139 139 139 139 138 138 138 137 134 133 133 131 129 127 126 122 122 127 128 130 125 121 122 122 122 124 127 132 138 141 141 140 139 138 138 138 138 138 137 137 138 138 138 138 140 140 141 141 141 142 142 142 143 143 144 144 145 145 145
141 141 141 141 141 141 141 141 141 141 140 140 140 140 140 140 140 140 140 140 140 140 140 140 140 140 140 140 140 140 140 140 140 140 140 139 139 139 139 139 138 138 137 135 133 132 130 127 124 122 121 119 119 122 124 123 121 119 119 119 118 124 130 135 141 140 138 136 135 136 136 137 137 136 135 134 134 137 138 139 140 140 140 141 141 142 142 142 143 143 144 144 145 145
141 141 141 141 141 141 141 141 141 141 140 140 140 140 140 140 140 140 140 140 140 140 140 140 140 140 140 140 140 140 140 140 140 140 140 140 139 139 139 139 139 138 138 135 132 130 130 126 121 120 119 119 120 121 122 121 121 120 121 121 120 124 128 130 135 136 135 133 130 129 130 129 132 133 129 132 136 137 137 138 139 140 140 140 141 141 142 142 142 143 143 144 144 145
141 141 141 141 141 141 141 141 141 141 140 140 140 140 140 140 140 140 140 140 140 140 140 140 140 140 140 140 140 140 140 140 140 140 140 140 140 140 139 139 139 139 138 138 134 127 128 124 123 120 117 116 117 115 115 118 118 119 121 123 123 125 127 127 130 131 132 130 128 128 125 126 125 129 129 131 132 135 136 138 139 139 139 140 140 141 141 142 142 143 143 143 144 144
141 141 141 141 141 141 141 141 141 140 140 140 140 140 140 140 140 140 140 140 140 140 140 140 140 140 140 140 140 140 140 140 140 140 140 140 140 140 140 140 139 139 139 138 136 129 127 126 124 121 117 114 113 114 113 112 114 116 118 123 124 125 125 126 127 127 127 127 127 126 127 128 126 130 132 132 132 134 136 137 138 138 139 139 140 140 141 141 142 142 143 143 144 144
141 141 141 141 141 141 141 141 141 140 140 140 140 140 140 140 140 140 140 140 140 140 140 140 140 140 140 140 140 140 140 140 140 140 140 140 140 140 140 140 140 140 139 139 138 135 132 130 122 120 115 113 112 112 111 112 112 115 116 120 123 123 124 124 125 124 123 122 123 124 125 125 121 125 128 131 132 132 134 137 137 138 138 139 139 140 140 141 141 142 142 143 143 144
141 141 141 141 141 141 141 141 140 140 140 140 140 140 140 140 140 140 140 140 140 140 140 140 140 140 140 140 140 140 140 140 140 140 140 140 140 140 140 140 140 140 140 140 139 137 135 133 125 120 120 115 112 111 111 110 111 112 113 112 114 119 121 118 122 122 120 118 119 122 124 125 124 125 129 130 129 130 132 136 137 137 138 138 139 139 140 140 141 141 142 142 143 143
141 141 141 141 141 141 141 140 140 140 140 140 140 140 140 140 140 140 140 140 140 140 140 140 140 140 140 140 140 140 140 140 140 140 140 140 140 140 140 140 140 140 140 140 140 139 138 135 132 123 121 114 111 110 110 110 111 111 112 111 111 112 113 113 116 122 119 113 117 120 122 124 126 127 127 128 129 129 132 135 136 137 137 138 138 139 139 140 140 141 141 142 142 143
141 141 141 141 141 140 140 140 140 140 140 140 140 140 140 140 140 140 140 140 140 140 140 140 140 140 140 140 140 140 140 140 140 140 140 140 140 140 140 141 141 141 141 141 140 140 140 136 130 132 118 112 111 110 109 110 110 110 111 110 111 111 112 113 113 116 121 119 118 120 122 124 125 126 127 128 129 130 132 135 135 136 137 137 138 138 139 140 140 141 141 142 142 143
141 141 141 141 140 140 140 140 140 140 140 140 140 140 140 140 140 140 140 140 140 140 140 140 140 140 140 140 140 140 140 140 140 140 140 140 140 140 141 141 141 141 141 141 141 140 140 139 139 128 123 114 110 109 109 109 109 110 110 111 112 111 112 112 113 114 119 118 121 121 122 124 124 125 125 127 130 131 132 134 135 136 136 137 137 138 139 139 140 140 141 141 142 142
141 141 140 140 140 140 140 140 140 140 140 140 140 140 140 140 140 140 140 140 140 140 140 140 140 140 140 140 140 140 140 140 140 140 140 140 140 140 140 141 141 141 141 141 141 140 140 139 137 134 125 115 110 109 109 109 109 110 111 112 114 113 112 111 113 115 117 118 119 122 123 124 124 124 125 127 130 131 132 132 134 135 136 136 137 138 138 139 139 140 140 141 141 142
140 140 140 140 140 140 140 140 140 140 140 140 140 140 140 140 140 140 140 140 140 140 140 140 140 140 140 140 140 140 140 140 140 140 140 140 140 140 140 140 140 140 140 140 140 140 139 138 136 132 123 114 110 108 107 107 109 110 112 112 115 115 113 117 118 118 117 119 120 122 123 124 124 125 125 127 130 132 132 132 134 135 135 136 137 137 138 138 139 139 140 141 141 142
140 140 140 140 140 140 140 140 140 140 140 140 140 140 140 140 140 140 140 140 140 140 140 140 140 140 140 140 140 140 140 140 140 140 140 140 140 140 140 140 140 140 140 140 139 139 138 137 134 132 123 111 111 108 108 105 106 108 108 107 114 116 119 122 122 122 122 119 122 122 123 123 124 125 125 127 129 131 132 132 133 134 135 136 136 137 137 138 139 139 140 140 141 141
140 140 140 140 140 140 140 140 140 140 140 140 140 140 140 140 140 140 140 140 140 140 140 140 140 140 140 140 140 140 140 140 140 140 140 140 140 140 140 140 140 139 139 139 138 138 137 135 132 127 125 119 112 107 105 105 105 107 103 103 115 121 124 124 123 124 123 123 122 122 123 123 124 125 126 128 130 131 132 132 133 134 134 135 136 136 137 138 138 139 139 140 140 141
140 140 140 140 140 140 140 140 140 140 140 140 140 140 140 140 140 140 140 140 140 140 140 140 140 140 140 140 140 140 140 140 140 140 140 140 140 140 140 139 139 139 139 138 137 137 135 134 130 124 122 119 114 107 107 106 103 104 105 106 114 122 123 123 124 124 123 122 121 122 122 123 123 124 125 127 130 130 131 132 133 133 134 135 135 136 137 137 138 138 139 140 140 141
140 140 140 140 140 140 140 140 140 140 140 140 140 140 140 140 140 140 140 140 140 140 140 140 140 140 140 140 140 140 140 140 140 140 140 140 139 139 139 139 139 138 138 137 137 136 134 133 131 126 123 117 111 110 104 103 103 103 106 111 118 118 125 125 123 124 122 120 121 121 120 122 122 124 125 127 129 129 131 132 132 133 134 134 135 136 136 137 138 138 139 139 140 140
140 140 140 140 140 140 140 140 140 140 140 140 140 140 140 140 140 140 140 140 140 140 140 140 140 140 140 140 140 140 140 140 140 140 139 139 139 139 139 139 138 138 137 137 136 135 133 132 130 127 121 115 109 109 108 107 103 104 107 110 119 114 118 128 123 122 123 118 117 117 120 120 121 123 124 127 128 129 131 131 132 133 133 134 135 135 136 137 137 138 138 139 140 140
140 140 140 140 140 140 140 140 140 140 140 140 140 140 140 140 140 140 140 140 140 140 140 140 140 140 140 140 140 140 140 139 139 139 139 139 139 139 138 138 138 137 137 136 135 134 133 131 129 127 121 117 114 110 113 102 101 104 110 114 116 125 128 129 127 122 119 117 116 115 119 122 122 122 124 128 129 129 130 131 132 132 133 134 134 135 136 136 137 138 138 139 139 140
140 140 140 140 140 140 140 140 140 140 140 140 140 140 140 140 140 140 140 140 140 140 140 140 140 140 140 140 139 139 139 139 139 139 139 139 139 138 138 138 137 137 136 135 135 133 132 131 129 127 122 116 114 110 112 104 103 105 110 115 117 125 122 123 127 127 123 124 119 116 117 124 124 124 125 126 128 129 130 131 131 132 133 134 134 135 136 136 137 137 138 139 139 140
140 140 140 140 140 140 140 140 140 140 140 140 140 140 140 140 140 140 140 140 140 140 140 140 140 139 139 139 139 139 139 139 139 139 139 139 138 138 138 138 137 137 136 135 134 133 132 131 129 127 126 121 118 115 113 111 109 110 113 118 116 120 124 131 130 127 123 117 109 114 118 121 125 124 125 125 128 129 130 130 131 132 133 133 134 135 135 136 137 137 138 138 139 139
140 140 140 140 140 140 140 140 140 140 140 140 140 140 140 140 140 140 140 140 140 139 139 139 139 139 139 139 139 139 139 139 139 139 139 138 138 138 138 137 137 136 136 135 134 133 132 131 129 128 127 125 124 119 114 111 111 113 117 122 120 124 132 133 132 128 132 120 118 117 122 123 119 122 124 125 128 128 129 130 131 132 132 133 134 134 135 136 136 137 138 138 139 139
140 140 140 140 140 140 140 140 140 140 140 140 140 140 139 139 139 139 139 139 139 139 139 139 139 139 139 139 139 139 139 139 139 139 138 138 138 138 137 137 137 136 135 135 134 133 132 131 130 129 128 127 126 125 115 119 119 119 118 124 126 126 125 131 132 132 133 125 118 119 118 123 124 121 123 124 127 128 129 130 131 131 132 133 134 134 135 136 136 137 137 138 139 139
140 140 140 140 140 140 139 139 139 139 139 139 139 139 139 139 139 139 139 139 139 139 139 139 139 139 139 139 139 139 139 139 139 139 138 138 138 138 137 137 136 136 135 135 134 133 132 132 131 130 129 128 127 127 125 125 125 125 123 126 121 126 126 127 129 132 132 130 124 121 122 123 123 124 125 126 127 128 129 130 130 131 132 133 133 134 135 135 136 137 137 138 138 139
140 139 139 139 139 139 139 139 139 139 139 139 139 139 139 139 139 139 139 139 139 139 139 139 139 139 139 139 139 139 139 139 139 138 138 138 138 138 137 137 136 136 135 135 134 134 133 132 131 131 130 130 129 129 129 125 128 130 129 126 128 133 130 127 129 134 129 129 121 119 123 123 123 124 125 126 127 128 129 130 130 131 132 133 133 134 135 135 136 136 137 138 138 139
139 139 139 139 139 139 139 139 139 139 139 139 139 139 139 139 139 139 139 139 139 139 139 139 139 139 139 139 139 139 139 139 138 138 138 138 138 137 137 137 136 136 136 135 134 134 133 133 132 132 131 131 131 131 132 132 129 131 129 132 133 130 125 126 134 136 132 124 125 120 123 123 124 124 125 126 127 128 129 130 130 131 132 133 133 134 135 135 136 136 137 137 138 139
139 139 139 139 139 139 139 139 139 139 139 139 139 139 139 139 139 139 139 139 139 139 139 139 139 139 139 139 139 139 139 138 138 138 138 138 138 137 137 137 136 136 136 135 135 134 134 133 133 133 132 132 133 133 133 134 135 137 138 138 139 140 136 131 136 135 131 127 124 123 123 123 124 125 126 126 127 128 129 130 130 131 132 133 133 134 134 135 136 136 137 137 138 138
139 139 139 139 139 139 139 139 139 139 139 139 139 139 139 139 139 139 139 139 139 139 139 139 139 139 139 139 139 139 138 138 138 138 138 138 138 137 137 137 137 136 136 136 135 135 134 134 134 134 134 134 134 134 135 136 137 138 139 140 140 140 140 139 137 134 131 128 125 124 124 124 125 125 126 127 127 128 129 130 130 131 132 133 133 134 134 135 136 136 137 137 138 138
139 139 139 139 139 139 139 139 139 139 139 139 139 139 139 139 139 139 139 139 139 139 139 139 139 139 139 139 139 138 138 138 138 138 138 138 138 137 137 137 137 136 136 136 135 135 135 135 135 135 135 135 135 136 136 137 138 139 140 141 141 140 140 138 137 134 131 129 127 126 125 125 126 126 127 127 128 129 129 130 131 131 132 133 133 134 134 135 136 136 137 137 138 138
