MUSICEvapDataQueryTool/BOMEvapData/etapjan.txt
ncols         417
nrows         337
xllcorner     112.15
yllcorner     -43.8
cellsize      0.1
NODATA_value  -9999
[rows 42 to 83 of 337, columns 282 to 375 of 417]
188 188 188 187 187 186 186 185 185 184 184 182 181 180 180 179 178 177 177 176 175 174 174 173 172 170 169 170 170 168 170 172 173 174 175 177 178 176 176 177 175 177 181 182 183 184 184 185 186 187 188 189 190 190 191 192 193 194 195 196 197 197 198 199 200 201 201 202 203 203 204 205 206 206 207 207 208 209 209 210 210 211 211 212 212 213 214 214 215 215 215 216 216 217
189 188 188 187 187 187 186 186 185 185 184 183 181 181 180 179 178 178 177 176 175 175 174 173 172 171 170 171 171 170 170 171 173 174 175 175 176 176 177 178 175 176 175 180 183 184 184 185 186 187 188 189 190 190 191 192 193 194 195 196 197 198 198 199 200 201 201 202 203 204 204 205 206 206 207 208 208 209 209 210 210 211 212 212 213 213 214 214 215 215 216 216 216 217
189 189 188 188 187 187 186 186 185 185 184 184 182 181 180 179 179 178 177 177 176 175 174 173 173 172 172 172 171 171 171 173 173 175 175 176 176 176 176 177 178 176 177 179 180 182 184 185 186 187 188 189 190 190 191 192 193 194 195 196 197 198 199 199 200 201 202 202 203 204 204 205 206 206 207 208 208 209 209 210 211 211 212 212 213 213 214 214 215 215 216 216 217 217
190 189 189 188 188 187 187 186 186 185 185 184 182 181 180 180 179 178 178 177 176 175 175 174 173 173 172 172 172 171 172 173 174 175 175 176 176 177 176 177 178 178 177 175 179 181 184 185 186 187 188 189 190 191 191 192 193 194 195 196 197 198 199 200 200 201 202 203 203 204 205 205 206 207 207 208 208 209 210 210 211 211 212 212 213 213 214 214 215 215 216 216 217 217
190 190 189 189 188 188 187 187 186 186 185 184 182 182 181 180 179 179 178 177 176 176 175 175 174 174 173 173 172 172 172 173 174 175 175 176 176 177 177 177 178 178 178 177 177 177 179 183 184 187 188 189 190 191 192 193 194 195 195 196 197 198 199 200 201 201 202 203 204 204 205 206 206 207 207 208 209 209 210 210 211 211 212 212 213 213 214 214 215 215 216 216 217 217
190 190 190 189 189 188 188 187 186 186 185 185 183 182 181 181 180 179 178 178 177 176 175 175 174 174 173 173 173 172 173 173 174 175 175 176 176 177 177 178 178 178 179 178 177 174 176 181 184 185 188 189 190 191 192 193 194 195 196 197 197 198 199 200 201 202 202 203 204 204 205 206 206 207 208 208 209 209 210 210 211 212 212 213 213 214 214 215 215 215 216 216 217 217
191 191 190 190 189 189 188 187 187 186 186 185 184 182 182 181 180 179 179 178 177 177 176 175 175 175 174 174 173 172 173 174 174 174 175 176 176 177 177 178 178 178 179 179 178 178 180 182 184 187 188 189 190 191 192 193 194 195 196 197 198 199 199 200 201 202 203 203 204 205 205 206 207 207 208 208 209 210 210 211 211 212 212 213 213 214 214 215 215 216 216 216 217 217
192 191 191 190 190 189 189 188 187 187 186 186 183 183 182 181 181 180 179 179 178 177 177 176 176 175 175 174 173 174 174 174 174 175 175 175 176 176 177 178 178 178 178 179 179 178 180 183 184 187 188 189 190 191 192 193 194 195 196 197 198 199 200 201 201 202 203 204 204 205 206 206 207 207 208 209 209 210 210 211 211 212 212 213 213 214 214 215 215 216 216 217 217 217
192 192 191 191 190 190 189 188 188 187 187 186 184 183 183 182 181 180 180 179 178 178 177 176 176 176 175 175 174 174 174 174 173 175 175 175 176 176 177 178 178 178 179 179 179 178 178 182 183 185 188 189 190 191 192 194 195 196 197 197 198 199 200 201 202 202 203 204 205 205 206 206 207 208 208 209 209 210 211 211 212 212 213 213 214 214 214 215 215 216 216 217 217 218
193 192 192 191 191 190 190 189 188 188 187 186 184 184 183 182 182 181 180 180 179 178 177 177 177 176 175 175 175 175 174 174 173 175 175 175 176 176 177 177 178 178 178 178 179 178 179 180 182 187 188 189 191 192 193 194 195 196 197 198 199 200 200 201 202 203 203 204 205 205 206 207 207 208 209 209 210 210 211 211 212 212 213 213 214 214 215 215 215 216 216 217 217 218
193 193 192 192 191 191 190 189 189 188 188 185 185 184 183 183 182 181 181 180 179 179 178 178 177 177 176 176 175 175 174 174 173 174 175 175 175 176 176 177 178 178 178 178 178 179 179 182 184 187 188 190 191 192 193 194 195 196 197 198 199 200 201 202 202 203 204 204 205 206 206 207 208 208 209 209 210 210 211 211 212 212 213 213 214 214 215 215 216 216 216 217 217 218
194 194 193 192 192 191 191 190 189 189 188 186 185 184 184 183 182 182 181 181 180 179 179 178 178 177 176 176 175 175 174 174 173 173 174 175 175 176 176 177 178 177 177 177 178 178 179 182 184 187 189 190 191 193 194 195 196 197 198 199 199 200 201 202 203 203 204 205 205 206 207 207 208 208 209 210 210 211 211 212 212 213 213 214 214 214 215 215 216 216 217 217 217 218
195 194 194 193 192 192 191 191 190 189 187 186 186 185 184 183 183 182 182 181 180 180 179 179 178 177 177 176 176 175 174 174 174 174 174 175 175 174 176 177 177 177 177 175 174 180 179 182 182 186 189 191 192 193 194 195 196 197 198 199 200 201 202 202 203 204 204 205 206 206 207 208 208 209 209 210 210 211 211 212 212 213 213 214 214 215 215 215 216 216 217 217 217 218
196 195 194 194 193 192 192 191 190 190 188 187 186 185 185 184 183 183 182 181 181 180 179 179 178 178 177 177 176 175 175 175 174 174 173 174 175 173 174 175 174 175 177 178 176 180 180 178 180 179 190 191 193 194 195 196 197 198 199 200 200 201 202 203 203 204 205 205 206 207 207 208 208 209 209 210 211 211 212 212 212 213 213 214 214 215 215 216 216 216 217 217 218 218
196 196 195 194 194 193 192 192 191 190 188 187 187 186 185 184 184 183 182 182 181 180 180 179 179 178 178 177 176 176 176 176 174 173 174 174 173 173 172 173 172 173 171 176 178 179 179 178 175 177 191 192 193 194 195 196 197 198 199 200 201 202 202 203 204 204 205 206 206 207 208 208 209 209 210 210 211 211 212 212 213 213 214 214 214 215 215 216 216 216 217 217 218 218
197 196 196 195 194 194 193 192 192 191 189 188 187 186 186 185 184 183 183 182 181 181 180 180 179 178 178 177 177 177 176 176 175 175 175 173 174 174 172 172 172 172 173 173 177 176 179 175 181 185 191 193 194 195 196 197 198 199 200 200 201 202 203 203 204 205 205 206 207 207 208 208 209 209 210 210 211 211 212 212 213 213 214 214 215 215 215 216 216 217 217 217 218 218
198 197 196 196 195 194 194 193 192 191 189 189 188 187 186 185 185 184 183 183 182 181 181 180 179 179 178 178 177 177 176 176 175 175 174 173 173 174 175 175 174 175 175 175 174 173 178 180 183 180 175 193 195 196 197 198 198 199 200 201 202 202 203 204 205 205 206 206 207 208 208 209 209 210 210 211 211 212 212 213 213 213 214 214 215 215 216 216 216 217 217 217 218 218
198 198 197 196 196 195 194 193 193 192 190 189 188 187 187 186 185 184 184 183 182 182 181 180 180 179 179 178 178 177 177 176 175 175 175 175 174 173 174 173 173 172 173 173 175 168 169 180 184 182 182 194 195 196 197 198 199 200 200 201 202 203 203 204 205 206 206 207 207 208 208 209 209 210 210 211 211 212 212 213 213 214 214 214 215 215 216 216 216 217 217 218 218 218
199 198 198 197 196 195 195 194 193 192 190 190 189 188 187 186 186 185 184 183 183 182 181 181 180 180 179 178 178 177 177 176 176 175 175 175 175 173 173 172 171 168 171 169 173 167 165 176 181 189 191 195 196 197 198 198 199 200 201 201 202 203 204 205 205 206 206 207 208 208 209 209 210 210 211 211 212 212 213 213 213 214 214 215 215 215 216 216 217 217 217 218 218 218
200 199 198 197 197 196 195 195 194 192 191 190 189 188 188 187 186 185 185 184 183 183 182 181 181 180 179 179 178 178 177 177 176 176 176 176 176 173 173 173 171 171 173 171 168 168 172 173 168 185 192 195 197 197 198 198 199 200 201 202 203 203 204 205 206 206 207 207 208 208 209 209 210 210 211 211 212 212 213 213 214 214 214 215 215 216 216 216 217 217 217 218 218 218
200 200 199 198 197 197 196 195 194 192 191 191 190 189 188 187 187 186 185 184 184 183 182 182 181 180 180 179 179 178 178 177 177 177 176 176 176 175 175 175 175 174 174 174 174 173 176 170 166 180 192 195 196 196 197 198 199 200 201 202 203 204 204 205 206 206 207 208 208 209 209 210 210 211 211 212 212 212 213 213 214 214 215 215 215 216 216 216 217 217 217 218 218 219
201 200 199 199 198 197 196 196 195 193 192 191 190 190 189 188 187 186 186 185 184 183 183 182 181 181 180 179 179 179 178 178 177 177 176 176 175 175 175 175 175 175 175 175 175 176 176 177 171 174 184 193 194 195 196 197 198 200 201 202 203 204 205 206 206 207 207 208 208 209 209 210 210 211 211 212 212 213 213 213 214 214 215 215 215 216 216 217 217 217 218 218 218 219
201 201 200 199 198 198 197 196 194 193 192 192 191 190 189 188 188 187 186 185 185 184 183 182 182 181 180 180 179 179 178 177 177 177 177 176 176 175 175 174 174 175 175 175 175 173 172 169 174 175 175 183 191 192 194 195 198 199 201 202 203 204 205 206 206 207 208 208 209 209 210 210 211 211 212 212 212 213 213 214 214 214 215 215 216 216 216 217 217 217 218 218 218 219
202 201 200 200 199 198 197 197 194 194 193 192 191 190 190 189 188 187 186 186 185 184 183 183 182 181 181 180 179 179 178 178 177 176 177 176 176 174 174 173 172 173 173 171 173 175 172 169 175 176 174 177 182 189 191 194 197 199 201 203 204 205 205 206 207 207 208 208 209 209 210 210 211 211 212 212 213 213 213 214 214 215 215 215 216 216 216 217 217 217 218 218 218 219
203 202 201 200 199 199 198 196 195 194 193 193 192 191 190 189 189 188 187 186 185 185 184 183 182 182 181 180 180 179 178 178 177 177 176 176 175 175 174 173 171 171 168 167 169 172 170 169 169 175 175 176 180 184 189 193 197 199 201 203 204 205 206 206 207 207 208 209 209 210 210 211 211 211 212 212 213 213 214 214 214 215 215 215 216 216 216 217 217 217 218 218 218 219
203 202 201 201 200 199 197 196 195 195 194 193 192 191 191 190 189 188 187 187 186 185 184 183 183 182 181 181 180 179 178 178 177 177 176 176 176 175 175 173 171 172 169 165 168 171 171 168 168 172 174 175 174 182 186 192 197 200 202 203 204 205 206 206 207 208 208 209 209 210 210 211 211 212 212 212 213 213 214 214 214 215 215 215 216 216 216 217 217 217 218 218 218 219
203 203 202 201 200 200 198 197 196 195 194 193 193 192 191 190 189 189 188 187 186 185 185 184 183 182 181 181 180 179 179 178 177 176 176 176 175 175 175 174 172 173 171 168 163 166 167 171 169 170 173 171 170 183 187 193 197 200 202 203 204 205 206 206 207 208 208 209 209 210 210 211 211 212 212 213 213 213 214 214 214 215 215 216 216 216 217 217 217 218 218 218 218 219
204 203 202 202 201 200 198 197 196 196 195 194 193 192 191 191 190 189 188 187 187 186 185 184 183 183 182 181 180 180 179 178 178 177 176 176 175 174 174 174 173 172 171 169 169 169 169 171 168 167 167 168 176 183 186 189 197 199 201 203 204 205 206 206 207 208 208 209 209 210 210 211 211 212 212 213 213 213 214 214 215 215 215 216 216 216 217 217 217 218 218 218 218 219
204 203 203 202 201 199 198 198 197 196 195 194 194 193 192 191 190 190 189 188 187 186 185 185 184 183 182 181 181 180 178 178 178 177 176 176 175 174 173 173 172 171 170 166 165 170 166 168 162 163 162 169 172 183 180 193 197 199 201 203 204 205 206 206 207 208 208 209 209 210 210 211 211 212 212 213 213 214 214 214 215 215 215 216 216 216 217 217 217 218 218 218 218 219
204 204 203 202 202 200 199 198 197 197 196 195 194 193 192 192 191 190 189 188 187 187 186 185 184 183 183 182 181 180 179 178 178 178 177 175 175 175 174 172 172 171 170 169 168 169 165 165 163 161 161 168 171 180 182 193 196 199 201 202 204 205 205 206 207 208 208 209 209 210 211 211 212 212 212 213 213 214 214 214 215 215 215 216 216 216 217 217 217 218 218 218 218 219
205 204 203 203 201 200 199 199 198 197 196 195 195 194 193 192 191 190 190 189 188 187 186 185 185 184 183 182 181 180 180 179 178 177 177 176 175 174 174 173 173 172 172 171 170 167 169 166 162 163 163 166 178 184 189 194 196 199 201 202 203 204 205 206 207 208 208 209 209 210 211 211 212 212 212 213 213 214 214 214 215 215 215 216 216 216 217 217 217 218 218 218 218 219
205 204 202 202 201 200 200 199 198 197 197 196 195 194 193 193 192 191 190 189 188 188 187 186 185 184 183 183 182 181 180 179 178 177 176 176 175 175 173 173 173 172 172 172 171 170 167 167 165 168 166 169 178 187 192 194 196 198 201 202 203 204 205 206 207 207 208 209 209 210 211 211 212 212 212 213 213 214 214 214 215 215 215 216 216 216 217 217 217 218 218 218 218 219
204 203 203 202 201 201 200 199 199 198 197 196 196 195 194 193 192 191 191 190 189 188 187 186 186 185 184 183 182 181 181 180 179 177 176 175 174 174 174 173 173 172 172 172 172 170 170 171 173 174 174 172 185 189 191 194 197 199 201 202 203 204 205 206 207 207 208 209 209 210 210 211 212 212 213 213 213 214 214 214 215 215 215 216 216 216 217 217 217 218 218 218 218 219
204 204 203 202 202 201 200 200 199 198 198 197 196 195 194 194 193 192 191 190 189 189 188 187 186 185 184 183 182 182 181 180 180 178 177 175 174 173 174 174 173 172 172 172 172 171 172 175 176 178 181 185 190 191 192 195 197 199 201 202 203 204 205 206 206 207 208 209 209 210 210 211 212 212 213 213 213 214 214 214 215 215 215 216 216 216 217 217 217 217 218 218 218 219
204 204 203 203 202 201 201 200 200 199 198 197 197 196 195 194 193 193 192 191 190 189 188 188 187 186 185 184 183 182 181 180 179 179 178 176 174 173 174 173 173 173 172 172 172 173 175 177 179 181 184 188 192 193 194 195 197 199 201 202 203 204 204 205 206 207 208 208 209 210 210 211 211 212 212 213 213 214 214 214 215 215 215 216 216 216 217 217 217 217 218 218 218 219
205 204 204 203 202 202 201 201 200 199 199 198 197 196 195 195 194 193 192 191 190 190 189 188 187 186 185 184 183 182 181 180 179 179 177 177 175 174 173 172 173 173 173 173 173 175 177 179 181 184 187 189 194 194 195 196 197 199 200 201 202 203 204 205 206 207 207 208 209 210 210 211 211 212 212 213 213 214 214 214 215 215 215 216 216 216 217 217 217 217 218 218 218 218
205 204 204 203 203 202 202 201 200 200 199 198 198 197 196 195 195 194 192 192 190 189 189 189 188 187 186 184 184 183 182 181 179 178 177 177 176 175 174 174 173 173 173 173 174 175 178 180 182 186 188 190 193 194 195 197 198 199 200 201 202 203 204 205 205 206 207 208 209 209 210 211 211 212 212 213 213 214 214 214 215 215 215 216 216 216 216 217 217 217 218 218 218 218
205 205 204 204 203 203 202 202 201 200 200 199 198 197 197 196 195 194 193 192 191 190 190 189 188 187 186 185 184 184 183 181 179 177 178 178 177 176 175 174 174 173 172 172 174 176 178 180 182 186 188 190 192 192 194 196 198 199 199 200 201 202 203 204 205 206 207 208 209 209 210 211 211 212 212 213 213 214 214 214 215 215 215 215 216 216 216 217 217 217 217 218 218 218
205 205 204 204 203 203 202 202 201 201 200 199 199 198 197 197 196 195 194 193 192 191 190 189 189 188 187 186 185 184 183 182 181 178 178 177 177 176 175 175 174 174 172 172 174 176 179 181 183 186 188 190 192 192 193 194 196 197 198 200 201 202 202 203 204 205 206 207 208 209 210 211 211 212 212 213 213 214 214 214 214 215 215 215 216 216 216 216 217 217 217 218 218 218
205 205 205 204 204 203 203 202 202 201 201 200 199 199 198 197 196 196 195 193 193 191 191 190 189 188 188 187 186 185 184 182 181 178 178 176 177 177 176 176 175 174 173 173 175 178 180 182 183 185 187 188 190 192 192 193 194 196 195 196 200 201 202 203 204 205 206 207 208 209 210 211 211 212 212 213 213 213 214 214 214 215 215 215 215 216 216 216 217 217 217 217 218 218
205 205 205 205 204 204 203 203 202 202 201 200 200 199 198 198 197 196 195 194 193 192 191 190 189 189 188 187 187 186 184 183 181 179 177 176 177 177 176 176 176 175 174 175 177 179 181 182 184 185 187 188 188 191 193 194 194 191 197 196 199 200 201 202 203 204 206 207 208 209 210 210 211 212 212 213 213 213 214 214 214 214 215 215 215 216 216 216 216 217 217 217 218 218
206 205 205 205 204 204 204 203 203 202 201 201 200 200 199 198 197 197 196 195 194 193 191 190 190 189 189 188 187 186 185 183 182 180 177 178 179 179 178 177 177 177 177 178 179 180 181 183 184 185 186 186 187 188 191 192 193 193 195 197 198 199 200 201 202 204 205 206 208 209 210 210 211 212 212 212 213 213 213 214 214 214 214 215 215 215 216 216 216 216 217 217 217 218
