MUSICEvapDataQueryTool/BOMEvapData/etapapr.txt
ncols         417
nrows         337
xllcorner     112.15
yllcorner     -43.8
cellsize      0.1
NODATA_value  -9999
[rows 52 to 103 of 337, columns 96 to 191 of 417]
153 153 153 153 153 153 153 153 153 153 154 154 154 154 154 154 154 154 154 154 154 154 154 154 154 154 154 153 153 153 153 153 153 153 153 152 151 151 152 151 151 150 150 150 150 149 150 151 152 152 153 153 153 154 154 155 156 157 157 158 158 159 161 160 160 160 160 159 159 159 159 159 159 158 158 157 157 157 157 157 157 156 156 156 156 156 156 155 155 155 155 154 154 154 153 153
153 153 153 153 153 153 153 153 153 153 153 153 153 153 153 153 153 153 153 153 153 153 153 153 153 153 153 152 153 152 152 152 152 152 152 151 151 150 151 150 150 150 149 149 149 149 149 150 151 151 152 152 152 153 153 154 155 156 157 158 158 159 159 159 159 159 159 159 159 158 157 158 158 157 157 156 156 156 156 156 155 155 155 155 155 155 155 154 154 154 154 154 153 153 153 152
152 152 152 152 152 152 152 152 152 152 152 152 152 152 152 152 152 152 152 152 152 152 152 152 152 152 152 151 151 152 151 152 151 151 151 151 151 150 149 149 149 148 148 149 149 149 149 149 150 150 151 151 152 153 153 153 154 155 155 156 157 156 157 158 158 157 157 157 157 158 157 157 157 156 155 155 154 155 155 154 154 155 155 154 154 154 154 153 153 153 153 153 152 153 152 152
151 151 151 151 151 151 151 151 151 151 151 151 151 151 151 151 151 151 151 151 151 151 151 151 151 151 151 150 151 151 150 150 150 149 149 149 150 150 148 148 148 147 148 148 148 148 148 149 149 150 150 150 151 152 152 153 154 154 154 155 156 155 156 157 157 157 156 157 156 156 156 155 156 155 154 154 154 154 154 153 153 153 154 153 153 153 153 153 152 153 152 151 152 152 151 151
151 150 150 150 150 150 150 150 150 150 150 150 150 150 150 150 150 150 150 150 150 150 150 151 151 151 150 150 150 150 149 149 149 148 148 148 148 149 149 148 147 147 147 148 148 148 148 148 149 149 149 150 151 151 152 152 153 153 153 154 155 155 154 155 155 155 155 156 155 156 155 155 154 155 154 154 153 153 153 152 153 153 153 152 152 152 152 152 152 151 150 150 151 151 151 150
150 150 150 150 150 150 150 150 150 150 149 149 149 149 149 149 149 149 149 149 150 150 150 150 149 150 150 149 149 149 148 148 148 148 148 148 147 147 147 146 147 147 146 147 147 147 147 148 148 148 148 149 150 150 151 151 151 152 152 153 153 154 154 154 154 154 155 154 153 154 154 153 154 153 153 153 153 153 152 152 152 152 152 151 151 151 151 151 151 150 150 150 150 150 150 149
149 149 149 149 149 149 149 149 149 149 149 149 149 149 149 148 148 149 149 149 149 149 149 149 149 149 149 149 148 148 148 148 147 147 147 147 146 146 147 146 146 146 146 146 146 147 147 147 147 148 148 149 149 150 150 150 150 150 151 151 152 153 152 153 153 153 153 153 153 153 152 152 152 152 152 152 152 152 151 151 151 151 150 150 150 150 150 150 150 150 150 150 149 149 149 148
148 148 148 148 148 148 148 148 148 148 148 148 148 148 148 148 148 147 147 147 147 148 148 147 148 148 148 147 147 146 147 146 146 147 147 146 146 146 146 146 145 146 146 146 146 146 146 146 147 147 147 148 148 149 149 149 149 148 150 150 151 151 150 151 151 152 152 150 151 152 151 152 151 151 151 150 150 150 150 150 150 149 149 149 149 149 149 149 149 149 149 149 149 148 149 148
148 148 147 147 147 147 147 147 147 147 147 147 147 147 147 147 147 146 146 146 146 146 147 146 147 147 146 146 146 146 146 145 146 146 146 146 146 146 146 146 145 144 145 145 145 145 146 146 146 146 147 147 147 148 148 147 148 148 149 149 150 150 150 151 151 151 150 150 151 151 151 151 150 150 149 149 149 149 149 149 149 149 148 148 148 148 148 148 148 148 148 148 148 148 148 148
147 147 147 147 147 147 146 146 146 146 146 146 146 146 146 146 146 146 146 145 145 145 145 145 146 146 146 147 147 146 145 146 146 146 146 145 145 145 145 144 145 144 144 145 145 145 145 145 146 146 146 147 147 147 147 147 147 147 148 148 148 149 149 149 150 149 149 149 150 150 150 150 149 149 148 148 148 148 148 149 148 147 147 147 147 147 147 147 148 147 148 148 148 148 147 147
146 146 146 146 146 146 146 146 146 146 145 145 145 145 145 145 145 145 144 144 144 144 144 144 144 145 144 145 144 145 145 145 144 145 145 144 144 144 144 144 144 144 144 144 144 145 145 144 145 145 146 146 146 146 146 146 146 146 146 147 147 148 148 147 148 148 148 148 149 149 149 148 148 148 148 148 148 148 148 148 147 146 146 146 146 146 147 147 147 147 147 147 147 147 146 146
145 145 145 145 145 145 145 145 145 145 144 144 145 145 144 144 144 144 143 143 143 143 143 143 143 143 144 144 144 143 143 144 144 143 143 143 144 144 143 143 143 144 144 144 144 144 144 144 144 144 144 145 145 145 145 145 145 145 145 146 145 147 147 147 146 146 148 147 148 148 147 147 147 147 147 147 147 147 147 147 146 145 145 145 145 146 145 146 146 146 146 146 146 146 145 145
145 145 144 144 144 144 144 144 144 144 143 143 143 144 144 144 144 143 142 142 142 142 143 143 143 142 142 143 143 142 142 143 143 143 142 143 143 143 143 143 143 144 144 144 144 144 143 143 143 144 144 143 144 144 144 144 144 144 145 145 144 146 146 146 145 145 146 146 147 147 146 146 146 145 145 146 146 146 145 145 145 144 144 144 145 144 145 145 145 145 145 145 145 145 145 144
144 144 144 144 144 143 143 143 143 143 143 142 142 142 143 143 143 143 143 142 141 142 142 142 142 142 141 142 142 141 142 141 142 142 142 142 142 142 143 143 143 143 144 144 143 143 143 143 142 143 143 143 143 143 143 143 143 143 144 143 144 144 144 145 145 145 145 146 145 145 145 144 144 144 144 145 144 144 144 144 144 143 143 143 143 144 144 144 144 144 144 144 144 144 144 143
143 143 143 142 143 143 143 143 142 142 141 141 141 141 142 142 142 142 142 142 141 141 141 141 141 141 141 141 141 141 141 141 141 142 142 142 142 142 142 142 142 142 143 143 143 142 142 142 142 142 142 142 142 142 142 142 143 143 143 143 143 143 143 144 144 144 144 144 144 144 143 143 143 143 143 143 143 143 143 142 142 142 142 142 142 142 143 143 143 143 143 143 143 143 143 142
142 142 142 142 142 142 142 141 141 141 141 141 141 141 141 141 141 141 141 141 141 140 140 140 140 140 140 140 140 140 140 140 140 140 140 141 141 141 141 142 142 142 142 142 141 142 141 142 141 141 141 141 141 141 141 141 142 141 142 141 142 141 142 143 143 142 142 142 143 143 142 142 142 142 142 141 141 141 141 141 141 141 141 141 141 141 142 142 142 142 142 142 142 142 142 141
142 142 142 141 141 141 140 140 140 140 140 140 140 140 140 140 140 140 140 139 139 139 139 139 139 139 139 139 139 139 140 140 139 139 139 139 140 140 141 141 141 142 141 141 141 141 141 141 141 140 140 140 140 140 140 140 140 140 140 140 141 141 141 142 142 141 141 141 142 141 142 142 141 141 141 140 140 140 140 140 140 140 140 140 140 140 140 140 141 141 141 141 141 141 141 141
141 141 141 141 141 140 139 139 139 139 139 139 139 139 139 139 139 139 139 139 139 139 138 138 138 138 138 139 139 139 139 139 139 139 139 138 139 139 140 140 140 141 141 141 141 141 140 140 140 139 139 139 139 139 139 140 139 139 139 139 140 139 140 140 141 140 140 139 140 140 141 140 140 140 140 139 139 139 139 139 138 139 138 139 139 139 139 139 140 140 140 140 140 140 140 140
140 140 140 140 139 139 139 138 138 138 138 138 138 138 138 138 139 138 138 138 138 138 138 137 138 138 138 138 138 138 138 138 138 138 137 138 137 138 138 139 139 139 139 140 140 139 139 139 139 139 139 139 139 138 139 138 138 138 138 139 139 138 139 139 139 139 139 139 139 140 140 139 139 139 139 139 138 138 138 138 138 137 137 137 137 138 138 138 138 139 139 139 139 139 139 139
140 140 139 139 138 138 138 137 137 137 137 137 137 137 137 137 137 138 137 137 137 137 137 137 137 137 137 137 137 137 137 137 137 138 138 137 136 136 137 137 138 138 138 139 139 138 138 138 138 138 138 138 137 137 137 137 137 137 138 138 138 138 138 138 138 138 138 138 138 138 138 138 138 138 137 137 137 137 137 137 136 136 136 136 136 136 137 137 137 138 138 138 138 138 138 138
139 139 139 139 137 137 137 136 136 136 136 136 136 136 136 136 136 136 136 136 136 136 136 136 136 136 136 136 136 136 136 136 136 137 137 137 136 136 135 136 137 137 138 137 138 137 137 137 137 138 137 137 137 136 135 136 137 137 137 137 137 137 137 137 137 137 137 136 137 137 137 137 136 136 136 136 135 135 135 135 135 135 135 135 135 135 135 136 136 136 137 137 137 137 137 137
138 138 138 138 137 136 136 136 136 136 136 136 136 136 136 135 135 135 135 135 135 134 134 134 135 135 135 135 135 135 135 135 136 136 136 136 136 136 136 136 136 137 136 136 137 136 136 136 136 136 136 136 136 136 136 136 135 136 136 136 136 136 136 136 136 136 136 136 136 136 136 135 135 134 134 134 134 134 134 133 134 134 133 134 134 134 134 134 135 135 135 135 136 136 136 135
138 138 137 137 136 136 136 136 136 136 135 135 135 135 135 135 135 134 134 134 134 133 133 133 134 134 134 134 134 134 134 134 135 135 135 135 135 135 136 136 136 136 136 135 136 135 135 135 135 136 136 135 135 135 135 135 135 135 135 135 135 135 135 135 135 135 135 135 135 135 135 134 133 133 133 133 132 132 132 132 132 132 132 132 132 132 133 133 133 134 134 134 134 134 134 134
137 137 137 137 136 135 135 135 135 135 135 134 134 134 134 134 134 134 134 133 133 133 132 132 132 133 133 133 133 133 133 133 134 134 134 134 134 134 135 135 135 136 135 135 135 135 134 135 135 135 135 135 135 134 134 134 134 134 134 134 134 134 134 134 134 134 134 134 134 133 133 133 132 132 132 132 131 131 131 131 131 131 131 131 131 131 131 132 132 132 132 132 133 133 133 133
136 136 136 136 135 135 135 135 135 134 134 134 133 133 133 133 133 133 133 132 132 132 132 132 132 132 132 132 132 132 133 133 133 133 133 133 133 134 134 134 134 135 134 134 134 134 134 134 134 134 134 134 134 133 134 133 133 133 133 133 133 133 133 133 133 133 133 133 132 132 131 131 131 131 130 130 130 130 130 130 130 129 130 130 130 130 130 130 131 130 131 131 131 131 131 131
136 136 135 135 134 135 134 134 134 134 133 133 133 133 132 132 132 132 132 132 131 131 131 131 131 131 131 131 131 132 132 132 132 132 132 133 133 133 133 133 134 134 134 134 134 134 134 134 133 133 133 133 132 133 133 133 132 132 132 132 132 132 132 132 132 132 131 131 131 130 130 130 130 129 129 129 129 129 129 128 128 128 128 128 128 129 129 129 129 129 129 130 130 130 130 130
135 135 135 135 134 134 134 133 133 133 132 132 132 132 132 132 131 131 131 131 131 130 130 130 130 130 130 130 131 131 131 131 131 131 131 132 132 132 132 133 133 133 133 133 133 133 133 133 132 132 132 132 132 132 132 132 131 131 131 131 131 131 131 131 131 130 130 130 130 129 129 129 128 128 128 128 128 128 127 127 127 127 127 127 127 127 127 127 127 128 128 128 128 128 128 128
134 134 134 134 134 133 133 133 132 132 132 131 131 131 131 131 131 130 130 130 130 130 130 129 129 129 130 130 130 130 130 130 130 131 131 131 131 131 132 132 132 132 132 132 132 132 131 131 131 131 131 131 130 131 131 131 131 130 130 130 130 130 130 130 130 129 129 129 128 128 128 127 127 127 127 127 127 126 126 126 126 125 125 125 125 126 126 126 126 126 126 127 127 127 127 127
134 134 133 133 133 132 132 132 131 131 131 131 130 130 130 130 130 130 129 129 129 129 129 129 129 129 129 129 129 129 129 130 130 130 130 130 130 131 131 131 131 131 131 131 131 131 131 131 131 131 131 130 130 130 130 130 130 129 129 129 129 129 129 129 128 128 128 128 127 127 127 126 126 126 126 125 125 125 125 125 124 124 124 124 124 124 124 124 124 124 125 125 125 126 126 126
133 133 132 132 132 131 131 131 131 130 130 130 130 130 130 129 129 129 129 129 128 128 128 128 128 128 128 128 128 129 129 129 129 129 129 130 130 130 130 130 130 130 130 130 130 129 130 130 130 130 129 129 129 129 129 129 129 128 129 128 128 128 128 127 127 127 127 126 126 126 126 125 125 125 124 124 124 124 123 123 123 123 123 123 123 123 123 123 123 123 123 124 124 124 124 124
132 132 131 131 131 131 130 130 130 130 129 129 129 129 129 129 129 128 128 128 128 128 127 127 127 128 128 128 128 128 128 128 129 129 129 129 129 129 129 129 129 129 129 129 129 128 129 129 129 129 129 128 128 128 128 128 128 127 127 127 127 127 127 126 126 126 126 125 125 125 124 124 124 124 123 123 123 123 122 122 122 122 121 121 121 121 121 121 121 122 122 122 123 123 123 123
131 131 131 130 130 130 130 129 129 129 129 128 128 128 128 128 128 128 128 127 127 127 127 127 127 127 127 127 127 127 128 128 128 128 128 128 128 128 128 128 128 128 128 128 128 128 128 128 128 128 128 128 127 127 127 127 126 126 126 126 126 126 126 125 125 125 125 124 124 124 123 123 123 122 122 122 122 121 121 121 121 120 120 120 120 120 120 120 120 121 121 121 121 122 122 122
131 130 130 130 129 129 129 129 128 128 128 128 128 127 127 127 127 127 127 127 127 126 126 126 126 126 126 127 127 127 127 126 126 126 127 127 127 127 127 127 127 127 127 127 127 127 127 127 127 127 127 127 127 126 126 126 126 125 125 125 125 125 124 124 124 124 123 123 123 122 122 122 121 121 121 121 120 120 119 119 119 119 119 119 119 119 119 119 119 119 120 120 120 120 121 121
130 130 129 129 129 129 128 128 128 128 128 127 127 127 127 126 127 126 126 126 126 126 126 126 125 126 126 126 126 126 126 126 126 126 126 126 127 127 127 127 127 127 126 126 126 126 126 126 126 126 126 126 126 125 125 125 125 124 124 124 124 124 123 123 123 123 122 122 121 121 121 120 120 120 119 119 119 119 118 118 118 118 118 117 118 118 118 118 118 118 118 119 119 119 120 120
129 129 129 128 128 128 128 127 127 127 127 127 127 126 126 126 126 126 126 125 125 125 125 125 125 125 125 125 125 125 125 125 125 125 125 125 126 126 126 126 125 126 126 125 125 125 125 125 125 125 125 125 124 124 124 124 124 123 123 123 123 123 122 122 122 122 121 121 120 120 120 119 119 118 118 118 118 118 117 117 117 116 116 116 116 116 116 117 117 117 117 118 118 118 119 119
129 128 128 128 128 127 127 127 127 127 126 126 126 126 126 125 125 125 125 125 125 125 125 124 124 124 124 124 124 124 125 125 125 125 125 125 125 125 125 125 125 125 125 125 125 124 124 124 124 124 124 123 123 123 123 123 123 122 122 122 122 122 121 121 121 120 120 120 119 119 118 118 118 117 117 117 116 116 116 116 115 115 115 115 115 115 115 115 116 116 116 116 117 117 117 118
128 128 128 127 127 127 127 127 126 126 126 126 125 125 125 125 125 125 125 124 124 124 124 124 124 124 124 124 124 124 124 124 124 124 124 124 124 124 124 124 124 124 124 124 124 124 123 123 123 123 123 123 123 122 122 122 122 121 121 121 121 121 120 120 120 119 119 118 118 118 117 117 116 116 116 115 115 115 115 114 114 114 114 114 114 114 114 114 115 115 115 115 116 116 116 117
127 127 127 127 127 126 126 126 126 125 125 125 125 125 125 125 124 124 124 124 124 124 124 124 124 123 123 123 123 123 123 123 123 123 123 123 123 123 123 123 123 123 123 123 123 123 123 122 122 122 122 122 121 121 121 121 121 121 120 120 120 120 119 119 119 118 118 117 117 116 116 116 115 115 115 114 114 113 113 113 113 113 113 113 113 113 113 113 113 114 114 114 114 115 115 115
127 127 127 126 126 126 126 126 125 125 125 125 125 124 124 124 124 124 123 124 123 123 123 123 123 123 123 123 123 122 122 122 122 122 122 122 122 122 122 122 122 122 122 122 122 122 122 122 122 121 121 121 120 120 120 120 120 120 120 119 119 119 119 118 118 117 117 117 116 116 115 114 114 114 113 113 113 112 112 112 111 111 111 111 112 112 112 112 112 113 113 113 113 114 114 114
126 126 126 126 126 125 125 125 125 125 125 124 124 124 124 124 123 123 123 123 123 123 123 123 123 122 122 122 122 122 122 122 122 122 122 122 122 122 122 122 122 122 121 121 121 121 121 121 121 120 120 120 120 119 119 119 119 119 119 118 118 118 117 117 117 116 116 116 115 114 114 113 113 113 112 112 112 111 111 111 110 110 110 110 110 111 111 111 111 112 112 112 113 113 113 114
126 125 125 125 125 125 125 125 124 124 124 124 124 123 123 123 123 123 123 123 123 122 122 122 122 122 122 122 122 122 121 121 121 121 121 121 121 121 121 121 121 121 121 121 120 120 120 120 120 120 119 119 119 118 118 118 118 118 118 118 117 117 116 116 116 115 115 115 114 113 113 112 112 112 111 111 111 110 110 109 109 109 109 109 109 109 110 110 110 111 111 111 112 112 112 113
125 125 125 125 124 124 124 124 124 124 123 123 123 123 123 123 123 122 122 122 122 122 122 121 121 121 121 121 121 121 121 121 121 121 121 121 120 120 120 120 120 120 120 120 120 120 119 119 119 119 119 118 118 118 118 118 117 117 117 117 116 116 116 115 115 114 114 114 113 113 112 111 111 111 110 110 109 109 109 108 108 108 108 108 108 108 108 109 109 110 110 110 111 111 111 112
124 124 124 124 124 124 124 123 123 123 123 122 122 122 122 122 122 122 122 122 121 121 121 121 121 121 121 121 121 121 120 120 120 120 120 120 120 120 120 120 120 119 119 119 119 119 119 119 118 118 118 117 117 117 117 117 117 116 116 116 116 115 115 114 114 113 113 113 112 112 111 111 110 110 109 109 108 108 108 107 107 107 107 107 107 107 107 108 108 108 109 109 110 110 111 111
124 124 123 123 123 123 123 123 123 122 122 122 122 122 122 122 121 121 121 121 121 120 120 120 120 120 120 120 120 120 120 120 120 120 120 119 119 119 119 119 119 119 119 118 118 118 118 118 118 117 117 117 117 117 116 116 116 116 115 115 115 114 114 113 113 113 112 112 111 111 110 110 109 109 108 108 107 107 106 106 106 105 105 106 106 106 106 107 107 107 108 108 109 109 110 110
123 123 123 123 123 123 123 122 122 122 122 122 122 122 121 121 121 121 120 120 120 120 120 120 119 119 119 119 119 119 119 119 119 119 119 119 119 119 119 118 118 118 118 118 118 117 117 117 117 117 116 116 116 116 116 115 115 115 114 114 114 113 113 112 112 112 111 111 110 110 109 109 108 108 107 107 106 106 105 105 104 104 104 104 105 105 105 106 106 106 107 107 108 108 109 109
122 122 122 122 122 122 122 122 122 122 121 121 121 121 121 120 120 120 120 120 120 119 119 119 119 119 119 119 119 119 119 119 119 118 118 118 118 118 118 118 118 117 117 117 117 117 117 116 116 116 116 115 115 115 115 115 114 114 114 113 113 112 112 112 111 111 110 110 109 109 108 108 107 107 106 106 105 105 104 104 103 103 103 103 104 104 104 105 105 106 106 107 107 108 108 109
122 122 122 122 122 121 121 121 121 121 121 121 121 120 120 120 119 119 119 119 119 119 119 119 118 118 118 118 118 118 118 118 118 118 118 118 117 117 117 117 117 117 117 116 116 116 116 116 115 115 115 115 115 114 114 114 114 113 113 113 112 112 111 111 110 110 109 109 108 108 108 107 106 106 105 105 104 104 103 103 102 102 102 102 102 103 103 104 104 105 105 106 106 107 107 108
121 121 121 121 121 121 121 121 120 120 120 120 120 120 119 119 119 119 119 118 118 118 118 118 118 117 117 117 117 117 117 117 117 117 117 117 117 116 116 116 116 116 116 116 116 115 115 115 115 115 114 114 114 114 113 113 113 113 112 112 111 111 110 110 110 109 109 108 108 107 107 106 106 105 105 104 104 103 103 102 101 101 101 101 101 102 102 103 103 104 104 105 106 106 107 107
120 120 120 120 120 120 120 120 120 120 120 119 119 119 119 119 119 118 118 118 118 118 117 117 117 117 117 117 117 117 117 116 116 116 116 116 116 116 116 116 115 115 115 115 115 115 114 114 114 114 114 113 113 113 113 113 112 112 111 111 111 110 110 109 109 109 108 108 107 107 106 106 105 105 104 104 103 102 102 101 101 100 100 100 101 101 102 102 103 103 104 105 105 105 106 107
120 120 120 119 119 119 119 119 119 119 119 119 119 118 118 118 118 118 118 117 117 117 117 117 117 117 116 116 116 116 116 116 116 116 116 115 115 115 115 115 115 115 114 114 114 114 114 113 113 113 113 113 113 112 112 112 112 111 111 110 110 109 109 109 108 108 108 107 107 106 106 105 105 104 104 103 102 102 101 101 100 100 100 100 100 101 101 102 103 103 104 104 105 105 106 106
119 119 119 119 119 119 119 119 119 118 118 118 118 118 118 118 118 117 117 117 117 117 116 116 116 116 116 116 116 115 115 115 115 115 115 115 115 115 115 114 114 114 114 114 114 113 113 113 112 112 112 112 112 112 111 111 111 110 110 110 109 109 108 108 108 107 107 107 106 106 105 105 104 104 103 103 102 102 101 101 100 100 100 100 100 101 101 102 102 103 103 104 104 105 105 105
119 119 119 119 118 118 118 118 118 118 118 118 117 117 117 117 117 117 117 116 116 116 116 116 116 115 115 115 115 115 115 115 114 114 114 114 114 114 114 114 114 113 113 113 113 113 112 112 112 111 111 111 111 111 111 110 110 110 109 109 109 108 108 107 107 107 106 106 105 105 105 104 104 103 103 102 102 101 101 101 100 100 100 100 100 100 101 101 102 102 103 103 104 104 105 105
