MUSICEvapDataQueryTool/BOMEvapData/etapnov.txt
ncols         417
nrows         337
xllcorner     112.15
yllcorner     -43.8
cellsize      0.1
NODATA_value  -9999
[rows 42 to 83 of 337, columns 282 to 375 of 417]
209 209 208 208 208 207 207 207 206 206 206 204 204 203 203 202 202 201 201 201 200 200 199 199 198 197 196 197 197 196 197 199 200 200 201 202 203 202 202 202 201 202 205 206 207 207 208 208 209 210 210 211 212 212 213 214 214 215 216 216 217 217 218 219 219 220 221 221 222 222 223 224 224 225 225 226 226 227 227 228 228 229 229 230 230 231 231 232 232 233 233 234 234 235
209 209 209 208 208 208 207 207 206 206 206 205 204 203 203 202 202 201 201 201 200 200 199 199 198 198 196 198 197 197 197 198 199 200 200 201 201 202 202 202 201 201 200 205 206 207 208 208 209 209 210 211 211 212 213 213 214 215 215 216 217 217 218 219 219 220 220 221 222 222 223 223 224 225 225 226 226 227 227 228 228 229 229 230 230 231 231 232 232 233 233 234 234 235
209 209 209 208 208 208 207 207 207 206 206 205 204 203 203 203 202 202 201 201 200 200 199 199 199 198 198 198 197 197 197 199 199 200 200 201 201 201 201 202 202 201 202 203 204 206 207 208 209 209 210 211 211 212 213 213 214 215 215 216 217 217 218 218 219 220 220 221 222 222 223 223 224 224 225 226 226 227 227 228 228 229 229 230 230 231 231 232 232 233 233 234 234 234
210 209 209 209 208 208 207 207 207 206 206 205 204 204 203 203 202 202 201 201 200 200 199 199 199 198 198 198 198 198 198 199 199 200 200 201 201 201 201 202 202 203 202 200 204 205 207 208 208 209 210 210 211 212 212 213 214 214 215 216 216 217 218 218 219 220 220 221 221 222 223 223 224 224 225 225 226 227 227 228 228 229 229 230 230 231 231 232 232 233 233 233 234 234
210 210 209 209 208 208 208 207 207 206 206 206 204 204 203 203 202 202 201 201 200 200 200 199 199 199 198 198 198 197 198 199 199 200 200 200 201 201 201 202 202 203 203 202 202 202 203 206 207 209 210 210 211 212 212 213 214 214 215 216 216 217 218 218 219 220 220 221 221 222 223 223 224 224 225 225 226 227 227 228 228 229 229 230 230 231 231 232 232 232 233 233 234 234
210 210 209 209 209 208 208 207 207 207 206 206 204 204 203 203 202 202 201 201 201 200 200 199 199 199 198 198 198 198 198 198 199 200 200 200 201 201 201 202 202 202 203 202 201 199 201 204 207 208 209 210 211 212 212 213 214 214 215 216 216 217 218 218 219 219 220 221 221 222 223 223 224 224 225 225 226 226 227 227 228 228 229 229 230 230 231 231 232 232 233 233 234 234
210 210 210 209 209 208 208 208 207 207 206 206 205 204 203 203 203 202 202 201 201 200 200 199 199 199 199 198 198 197 198 198 199 199 200 200 200 201 201 201 202 202 202 202 202 202 203 205 206 209 209 210 211 211 212 213 213 214 215 216 216 217 218 218 219 219 220 221 221 222 222 223 224 224 225 225 226 226 227 227 228 228 229 229 230 230 231 231 232 232 233 233 234 234
211 210 210 209 209 209 208 208 207 207 206 206 205 204 204 203 203 202 202 201 201 200 200 200 199 199 199 198 198 198 198 199 198 199 199 200 200 200 201 201 201 202 202 203 202 202 204 205 206 208 209 210 211 211 212 213 213 214 215 215 216 217 217 218 219 219 220 221 221 222 222 223 224 224 225 225 226 226 227 227 228 228 229 229 230 230 231 231 232 232 233 233 233 234
211 211 210 210 209 209 208 208 207 207 207 206 205 204 204 203 203 202 202 201 201 200 200 200 199 199 199 199 198 198 198 198 198 199 199 199 200 200 200 201 201 202 202 202 202 201 202 204 206 207 209 210 210 211 212 213 213 214 215 215 216 217 217 218 219 219 220 221 221 222 222 223 223 224 225 225 226 226 227 227 228 228 229 229 230 230 231 231 232 232 232 233 233 234
211 211 210 210 209 209 209 208 208 207 207 206 205 204 204 203 203 202 202 201 201 201 200 200 200 199 199 199 198 198 198 198 197 198 199 199 199 200 200 200 201 201 201 201 202 201 202 203 204 208 209 210 210 211 212 213 213 214 215 215 216 217 217 218 219 219 220 220 221 222 222 223 223 224 225 225 226 226 227 227 228 228 229 229 230 230 231 231 232 232 232 233 233 234
212 211 211 210 210 209 209 208 208 207 207 205 205 204 204 203 203 202 202 202 201 201 200 200 200 199 199 199 198 198 198 197 197 198 198 198 198 199 199 200 200 201 200 201 201 202 202 204 206 208 209 209 210 211 212 212 213 214 215 215 216 217 217 218 219 219 220 220 221 222 222 223 223 224 224 225 226 226 227 227 228 228 229 229 230 230 231 231 231 232 232 233 233 234
212 211 211 210 210 209 209 208 208 207 207 205 205 204 204 203 203 202 202 202 201 201 200 200 200 199 199 199 198 198 198 197 196 197 198 198 198 199 199 200 200 200 200 199 200 200 201 204 205 208 209 209 210 211 212 212 213 214 214 215 216 216 217 218 218 219 220 220 221 222 222 223 223 224 224 225 225 226 227 227 228 228 229 229 230 230 230 231 231 232 232 233 233 233
212 212 211 211 210 210 209 209 208 207 206 206 205 204 204 203 203 203 202 202 201 201 200 200 200 199 199 199 198 198 197 197 197 197 197 197 197 197 199 199 199 199 199 198 197 201 201 203 203 206 208 209 210 211 212 212 213 214 214 215 216 216 217 218 218 219 220 220 221 221 222 223 223 224 224 225 225 226 226 227 228 228 228 229 229 230 230 231 231 232 232 233 233 233
212 212 211 211 210 210 209 209 208 208 206 206 205 205 204 203 203 203 202 202 201 201 200 200 200 199 199 198 198 198 197 197 197 197 196 197 197 196 197 197 197 197 199 200 198 201 201 199 200 199 208 209 210 211 211 212 213 214 214 215 216 216 217 218 218 219 220 220 221 221 222 223 223 224 224 225 225 226 226 227 227 228 228 229 229 230 230 231 231 232 232 232 233 233
213 212 212 211 210 210 209 209 208 208 206 206 205 205 204 204 203 203 202 202 201 201 200 200 200 199 199 198 198 198 198 197 196 196 197 196 196 195 195 195 194 195 194 197 199 199 199 198 196 197 208 209 210 211 211 212 213 214 214 215 216 216 217 218 218 219 220 220 221 221 222 223 223 224 224 225 225 226 226 227 227 228 228 229 229 230 230 231 231 232 232 232 233 233
213 212 212 211 211 210 209 209 208 208 206 206 205 205 204 204 203 203 202 202 201 201 200 200 199 199 199 198 198 198 197 197 197 197 197 195 196 196 194 194 194 194 194 194 197 196 199 196 200 203 208 209 210 211 211 212 213 213 214 215 216 216 217 218 218 219 220 220 221 221 222 223 223 224 224 225 225 226 226 227 227 228 228 229 229 230 230 231 231 231 232 232 233 233
213 212 212 211 211 210 209 209 208 208 206 206 205 205 204 204 203 203 202 202 201 201 200 200 200 199 199 198 198 198 197 197 197 197 196 195 195 196 196 196 195 196 195 195 195 193 197 199 201 198 194 209 210 210 211 212 213 213 214 215 215 216 217 217 218 219 219 220 221 221 222 222 223 224 224 225 225 226 226 227 227 228 228 229 229 230 230 230 231 231 232 232 233 233
213 213 212 211 211 210 210 209 208 208 206 206 205 205 204 204 203 202 202 202 201 201 200 200 199 199 199 198 198 198 197 197 196 196 196 196 195 194 195 194 194 193 193 193 194 189 189 198 201 199 199 209 210 210 211 212 212 213 214 215 215 216 217 217 218 219 219 220 221 221 222 222 223 224 224 225 225 226 226 227 227 228 228 229 229 230 230 230 231 231 232 232 232 233
213 213 212 211 211 210 210 209 208 208 206 206 205 205 204 204 203 202 202 202 201 201 200 200 199 199 199 198 198 198 197 197 196 196 196 196 195 194 193 193 191 189 192 190 192 188 186 194 198 204 205 208 209 210 211 211 212 213 214 214 215 216 217 217 218 219 219 220 221 221 222 222 223 224 224 225 225 226 226 227 227 228 228 229 229 229 230 230 231 231 232 232 232 233
213 213 212 211 211 210 210 209 208 207 206 206 205 205 204 204 203 202 202 202 201 201 200 200 199 199 199 198 198 198 197 197 196 196 196 196 196 194 194 193 191 191 193 191 188 188 191 191 188 200 205 208 209 210 210 211 212 212 213 214 215 216 217 217 218 219 219 220 221 221 222 222 223 223 224 225 225 226 226 227 227 228 228 228 229 229 230 230 231 231 231 232 232 233
213 213 212 211 211 210 210 209 208 207 206 206 205 205 204 203 203 202 202 201 201 201 200 200 199 199 198 198 198 198 197 197 196 196 196 195 195 195 195 194 194 193 193 193 192 191 193 188 185 196 206 207 208 209 209 210 211 212 213 214 215 216 216 217 218 219 219 220 220 221 222 222 223 223 224 225 225 226 226 227 227 227 228 228 229 229 230 230 231 231 231 232 232 232
213 213 212 211 211 210 209 209 208 207 206 206 205 204 204 203 203 202 202 201 201 200 200 200 199 199 198 198 198 197 197 197 196 196 196 195 195 194 194 194 194 193 193 193 193 193 193 193 188 190 198 205 206 207 208 209 210 211 213 214 215 216 216 217 218 218 219 220 220 221 222 222 223 223 224 224 225 225 226 226 227 227 228 228 229 229 230 230 230 231 231 232 232 232
213 213 212 211 211 210 209 209 207 207 206 205 205 204 204 203 203 202 202 201 201 200 200 199 199 199 198 198 197 197 197 196 196 196 196 195 195 194 194 193 192 193 193 192 192 190 189 187 190 191 190 196 204 205 206 208 209 211 212 214 214 215 216 217 218 218 219 220 220 221 222 222 223 223 224 224 225 225 226 226 227 227 228 228 229 229 230 230 230 231 231 231 232 232
213 212 212 211 210 210 209 209 207 206 206 205 205 204 204 203 203 202 202 201 201 200 200 199 199 199 198 198 197 197 197 196 196 195 195 195 194 193 193 191 191 191 191 189 190 191 188 186 191 191 189 191 196 202 204 206 209 211 212 213 214 215 216 217 218 218 219 220 220 221 221 222 223 223 224 224 225 225 226 226 227 227 228 228 229 229 229 230 230 231 231 231 232 232
213 212 212 211 210 210 209 208 207 206 206 205 205 204 203 203 202 202 201 201 200 200 200 199 199 198 198 197 197 197 196 196 196 195 195 195 194 193 193 191 190 189 187 185 186 188 186 185 184 189 189 190 193 198 202 205 208 210 212 213 214 215 216 217 217 218 219 220 220 221 221 222 223 223 224 224 225 225 226 226 227 227 228 228 229 229 229 230 230 230 231 231 232 232
213 212 211 211 210 209 208 207 207 206 205 205 204 204 203 203 202 202 201 201 200 200 199 199 199 198 198 197 197 197 196 196 195 195 194 194 194 193 193 192 190 189 187 184 185 187 186 183 183 187 188 188 187 196 198 203 208 210 212 213 214 215 216 217 217 218 219 219 220 221 221 222 223 223 224 224 225 225 226 226 227 227 228 228 228 229 229 230 230 230 231 231 231 232
212 212 211 210 210 209 208 207 206 206 205 205 204 204 203 203 202 202 201 201 200 200 199 199 198 198 198 197 197 196 196 196 195 194 194 194 193 193 193 192 190 190 188 185 181 183 183 185 183 183 186 183 183 195 198 204 207 210 211 213 214 215 216 216 217 218 219 219 220 221 221 222 222 223 224 224 225 225 226 226 227 227 227 228 228 229 229 229 230 230 231 231 231 232
212 211 211 210 209 209 207 207 206 206 205 204 204 203 203 202 202 201 201 200 200 200 199 199 198 198 197 197 197 196 196 196 195 194 194 194 193 192 192 191 190 189 188 186 185 185 183 184 181 180 180 180 187 194 197 199 207 209 211 212 213 214 215 216 217 218 218 219 220 221 221 222 222 223 224 224 225 225 226 226 227 227 227 228 228 229 229 229 230 230 230 231 231 232
211 211 210 210 209 208 207 206 206 205 205 204 204 203 203 202 202 201 201 200 200 199 199 199 198 198 197 197 197 196 195 195 195 194 194 193 193 192 191 191 190 188 187 183 182 185 182 182 178 178 177 180 182 193 189 203 207 209 210 212 213 214 215 216 217 218 218 219 220 220 221 222 222 223 223 224 225 225 225 226 226 227 227 228 228 228 229 229 230 230 230 231 231 231
211 210 210 209 209 207 207 206 205 205 204 204 203 203 202 202 201 201 200 200 200 199 199 198 198 198 197 197 196 196 196 195 195 195 194 193 193 192 192 190 189 188 187 186 184 185 181 180 178 177 177 180 182 188 191 203 205 208 210 211 213 214 215 216 217 217 218 219 220 220 221 222 222 223 223 224 224 225 225 226 226 227 227 228 228 228 229 229 229 230 230 231 231 231
210 210 209 209 207 207 206 206 205 205 204 204 203 203 202 202 201 201 200 200 199 199 199 198 198 197 197 197 196 196 196 195 195 194 194 194 193 192 192 191 190 190 188 187 186 183 183 181 178 178 178 180 187 192 198 203 204 208 210 211 212 213 214 215 216 217 218 219 219 220 221 222 222 223 223 224 224 225 225 226 226 227 227 227 228 228 229 229 229 230 230 230 231 231
210 209 208 207 207 206 206 205 205 204 204 203 203 202 202 201 201 200 200 200 199 199 198 198 198 197 197 197 196 196 195 195 195 194 194 193 193 193 191 191 191 190 189 188 187 185 183 182 181 182 181 182 188 196 201 203 205 206 209 211 212 213 214 215 216 217 218 219 219 220 221 221 222 223 223 224 224 225 225 226 226 227 227 227 228 228 228 229 229 229 230 230 230 231
208 208 207 207 206 206 205 205 204 204 203 203 202 202 201 201 201 200 200 199 199 199 198 198 197 197 197 196 196 196 196 195 195 194 193 193 192 192 192 191 191 190 189 188 188 186 185 185 186 186 186 185 193 196 199 203 205 208 209 211 212 213 214 215 216 217 218 218 219 220 221 221 222 223 223 224 224 225 225 226 226 226 227 227 228 228 228 229 229 229 230 230 230 231
207 207 207 206 206 205 205 204 204 203 203 202 202 202 201 201 200 200 199 199 199 198 198 198 197 197 197 196 196 196 195 195 195 194 194 192 192 192 192 192 191 190 189 189 188 187 187 188 188 189 191 193 198 197 199 202 205 208 209 210 212 213 214 215 216 217 217 218 219 220 221 221 222 222 223 224 224 225 225 225 226 226 227 227 227 228 228 228 229 229 229 230 230 230
207 206 206 205 205 204 204 204 203 203 202 202 202 201 201 200 200 200 199 199 198 198 198 197 197 197 196 196 196 195 195 195 195 195 194 193 192 192 192 191 192 191 189 189 188 188 189 190 191 192 193 196 198 201 201 203 205 208 209 210 211 212 213 214 215 216 217 218 219 220 220 221 222 222 223 223 224 224 225 225 226 226 226 227 227 228 228 228 229 229 229 230 230 230
206 206 205 205 204 204 204 203 203 202 202 202 201 201 200 200 200 199 199 199 198 198 197 197 197 197 196 196 196 195 195 194 194 194 193 194 193 192 192 191 192 191 191 190 189 189 190 191 192 194 195 196 200 202 203 204 205 208 209 210 211 212 213 214 215 216 217 218 219 220 220 221 222 222 223 223 224 224 225 225 226 226 226 227 227 227 228 228 228 229 229 229 230 230
205 205 204 204 204 203 203 203 202 202 202 201 201 200 200 200 199 199 198 198 197 197 197 197 197 196 196 195 195 195 195 195 194 193 193 193 194 194 193 193 192 191 190 190 189 190 191 192 193 195 196 197 199 201 203 205 207 208 209 210 211 212 213 214 215 216 217 218 219 219 220 221 222 222 223 223 224 224 225 225 225 226 226 226 227 227 227 228 228 228 229 229 229 230
204 204 204 203 203 203 202 202 202 201 201 201 200 200 200 199 199 199 198 197 197 197 197 197 196 196 196 195 195 195 195 194 193 192 193 194 194 194 194 194 193 191 189 189 189 190 191 192 193 196 197 198 199 199 201 204 206 207 208 209 210 211 213 214 215 216 217 218 218 219 220 221 221 222 223 223 224 224 224 225 225 225 226 226 227 227 227 228 228 228 228 229 229 229
203 203 203 203 202 202 202 202 201 201 201 200 200 200 199 199 199 198 198 197 197 197 196 196 196 196 196 195 195 195 194 194 194 193 193 193 194 194 193 194 193 191 189 188 189 190 192 193 194 196 197 199 200 200 201 202 205 206 207 209 210 211 212 213 214 215 216 217 218 219 220 221 221 222 222 223 223 224 224 225 225 225 226 226 226 227 227 227 228 228 228 229 229 229
202 202 202 202 202 201 201 201 201 200 200 200 199 199 199 199 198 198 198 197 197 196 196 196 195 195 195 195 195 195 194 194 193 192 192 191 193 194 193 193 193 191 189 188 190 191 193 194 194 195 196 196 198 201 201 201 203 206 204 205 209 211 212 213 214 215 216 217 218 219 220 221 221 222 222 223 223 224 224 224 225 225 225 226 226 226 227 227 227 228 228 228 229 229
202 201 201 201 201 201 201 200 200 200 200 199 199 199 198 198 198 198 197 197 196 196 195 195 195 195 195 195 195 194 194 193 192 192 190 190 192 193 192 192 192 191 190 190 191 192 193 194 194 196 196 197 197 199 202 203 203 200 207 206 209 210 211 212 214 215 216 217 218 219 220 220 221 222 222 223 223 223 224 224 224 225 225 225 226 226 226 227 227 227 228 228 228 228
201 201 200 200 200 200 200 200 199 199 199 199 198 198 198 198 197 197 197 197 196 196 195 194 194 195 194 194 194 194 194 193 192 191 190 191 193 193 193 192 192 192 192 192 192 193 193 194 195 195 195 196 197 197 200 201 203 203 205 207 208 209 210 212 213 214 216 217 218 219 220 220 221 221 222 222 223 223 223 224 224 224 225 225 225 226 226 226 227 227 227 228 228 228
