MUSICEvapDataQueryTool/BOMEvapData/etapjul.txt
ncols         417
nrows         337
xllcorner     112.15
yllcorner     -43.8
cellsize      0.1
NODATA_value  -9999
[rows 55 to 109 of 337, columns 0 to 95 of 417]
106 105 105 105 105 105 105 105 105 105 105 105 105 105 105 105 104 104 104 104 104 104 104 104 104 104 104 104 104 104 104 104 104 104 104 104 104 104 104 104 104 104 104 104 104 104 104 104 104 104 104 104 104 104 104 104 104 104 104 104 104 104 104 104 104 104 104 104 104 104 104 104 105 105 105 105 105 105 105 105 105 105 106 106 106 106 106 106 106 107 107 107 107 107 107 107
105 105 105 105 105 105 105 104 104 104 104 104 104 104 104 104 104 104 104 104 104 104 104 104 103 103 103 103 103 103 103 103 103 103 103 103 103 103 103 103 103 103 103 103 103 103 103 103 103 103 103 103 103 103 103 103 103 103 103 103 103 103 103 103 103 103 103 103 104 104 104 104 104 104 104 104 104 104 104 104 105 105 105 105 105 105 105 105 106 106 106 106 106 106 106 107
104 104 104 104 104 104 104 104 104 104 104 104 104 104 103 103 103 103 103 103 103 103 103 103 103 103 103 103 103 103 103 103 102 102 102 102 102 102 102 102 102 102 102 102 102 102 102 102 102 102 102 102 102 102 102 102 102 102 102 102 102 102 102 102 103 103 103 103 103 103 103 103 103 103 103 103 103 103 104 104 104 104 104 104 104 104 104 105 105 105 105 105 105 105 106 106
104 104 104 104 104 104 103 103 103 103 103 103 103 103 103 103 103 103 103 103 102 102 102 102 102 102 102 102 102 102 102 102 102 102 102 102 102 102 102 102 102 102 102 102 102 101 101 101 101 101 101 101 101 101 102 102 102 102 102 102 102 102 102 102 102 102 102 102 102 102 102 102 102 102 102 103 103 103 103 103 103 103 103 103 103 104 104 104 104 104 104 104 104 105 105 105
103 103 103 103 103 103 103 103 103 103 103 103 102 102 102 102 102 102 102 102 102 102 102 102 102 102 102 101 101 101 101 101 101 101 101 101 101 101 101 101 101 101 101 101 101 101 101 101 101 101 101 101 101 101 101 101 101 101 101 101 101 101 101 101 101 101 101 101 101 101 101 101 102 102 102 102 102 102 102 102 102 102 102 103 103 103 103 103 103 103 103 103 104 104 104 104
103 103 103 103 103 102 102 102 102 102 102 102 102 102 102 102 102 102 101 101 101 101 101 101 101 101 101 101 101 101 101 101 101 101 101 100 100 100 100 100 100 100 100 100 100 100 100 100 100 100 100 100 100 100 100 100 100 100 100 100 100 100 100 100 100 100 100 100 101 101 101 101 101 101 101 101 101 101 101 101 101 102 102 102 102 102 102 102 102 102 103 103 103 103 103 103
102 102 102 102 102 102 102 102 102 102 101 101 101 101 101 101 101 101 101 101 101 101 101 101 100 100 100 100 100 100 100 100 100 100 100 100 100 100 100 100 100 100 100 100 100 99 99 99 99 99 99 99 99 99 99 99 99 99 99 99 99 100 100 100 100 100 100 100 100 100 100 100 100 100 100 100 100 100 100 101 101 101 101 101 101 101 101 101 101 102 102 102 102 102 102 102
102 102 102 102 101 101 101 101 101 101 101 101 101 101 101 101 100 100 100 100 100 100 100 100 100 100 100 100 100 100 99 99 99 99 99 99 99 99 99 99 99 99 99 99 99 99 99 99 99 99 99 99 99 99 99 99 99 99 99 99 99 99 99 99 99 99 99 99 99 99 99 99 99 99 99 99 100 100 100 100 100 100 100 100 100 100 100 101 101 101 101 101 101 101 101 101
101 101 101 101 101 101 101 101 101 100 100 100 100 100 100 100 100 100 100 100 100 99 99 99 99 99 99 99 99 99 99 99 99 99 99 99 98 98 98 98 98 98 98 98 98 98 98 98 98 98 98 98 98 98 98 98 98 98 98 98 98 98 98 98 98 98 98 98 98 98 98 98 98 99 99 99 99 99 99 99 99 99 99 99 99 100 100 100 100 100 100 100 100 100 101 101
101 101 101 100 100 100 100 100 100 100 100 100 100 100 99 99 99 99 99 99 99 99 99 99 99 99 98 98 98 98 98 98 98 98 98 98 98 98 98 98 98 98 98 98 97 97 97 97 97 97 97 97 97 97 97 97 97 97 97 97 97 97 97 97 97 97 97 98 98 98 98 98 98 98 98 98 98 98 98 98 98 98 98 99 99 99 99 99 99 99 99 99 99 100 100 100
100 100 100 100 100 100 100 100 99 99 99 99 99 99 99 99 99 99 99 98 98 98 98 98 98 98 98 98 98 98 98 98 97 97 97 97 97 97 97 97 97 97 97 97 97 97 97 97 97 97 97 97 97 97 97 97 97 97 97 97 97 97 97 97 97 97 97 97 97 97 97 97 97 97 97 97 97 97 97 97 97 98 98 98 98 98 98 98 98 98 98 98 99 99 99 99
100 100 99 99 99 99 99 99 99 99 99 99 98 98 98 98 98 98 98 98 98 98 98 98 97 97 97 97 97 97 97 97 97 97 97 97 97 97 96 96 96 96 96 96 96 96 96 96 96 96 96 96 96 96 96 96 96 96 96 96 96 96 96 96 96 96 96 96 96 96 96 96 96 96 96 96 96 96 97 97 97 97 97 97 97 97 97 97 97 97 98 98 98 98 98 98
99 99 99 99 99 99 99 98 98 98 98 98 98 98 98 98 98 97 97 97 97 97 97 97 97 97 97 97 97 96 96 96 96 96 96 96 96 96 96 96 96 96 96 96 95 95 95 95 95 95 95 95 95 95 95 95 95 95 95 95 95 95 95 95 95 95 95 95 95 95 95 95 95 95 96 96 96 96 96 96 96 96 96 96 96 96 96 96 97 97 97 97 97 97 97 97
99 98 98 98 98 98 98 98 98 98 98 97 97 97 97 97 97 97 97 97 97 97 96 96 96 96 96 96 96 96 96 96 96 96 95 95 95 95 95 95 95 95 95 95 95 95 95 95 95 95 95 95 95 94 94 94 94 94 94 94 94 94 94 94 94 94 94 95 95 95 95 95 95 95 95 95 95 95 95 95 95 95 95 95 95 95 96 96 96 96 96 96 96 96 96 96
98 98 98 98 98 98 97 97 97 97 97 97 97 97 97 97 96 96 96 96 96 96 96 96 96 96 95 95 95 95 95 95 95 95 95 95 95 95 95 94 94 94 94 94 94 94 94 94 94 94 94 94 94 94 94 94 94 94 94 94 94 94 94 94 94 94 94 94 94 94 94 94 94 94 94 94 94 94 94 94 94 94 94 94 95 95 95 95 95 95 95 95 95 95 95 95
98 97 97 97 97 97 97 97 97 97 96 96 96 96 96 96 96 96 96 96 95 95 95 95 95 95 95 95 95 95 95 94 94 94 94 94 94 94 94 94 94 94 94 94 93 93 93 93 93 93 93 93 93 93 93 93 93 93 93 93 93 93 93 93 93 93 93 93 93 93 93 93 93 93 93 93 93 93 93 93 94 94 94 94 94 94 94 94 94 94 94 94 94 94 95 95
97 97 97 97 97 96 96 96 96 96 96 96 96 96 95 95 95 95 95 95 95 95 95 95 94 94 94 94 94 94 94 94 94 94 94 93 93 93 93 93 93 93 93 93 93 93 93 93 93 93 92 92 92 92 92 92 92 92 92 92 92 92 92 92 92 92 92 92 92 92 92 92 92 92 92 92 93 93 93 93 93 93 93 93 93 93 93 93 93 93 93 93 94 94 94 94
97 96 96 96 96 96 96 96 96 95 95 95 95 95 95 95 95 95 94 94 94 94 94 94 94 94 94 94 93 93 93 93 93 93 93 93 93 93 93 92 92 92 92 92 92 92 92 92 92 92 92 92 92 92 92 92 92 92 92 92 91 91 91 91 91 91 91 91 92 92 92 92 92 92 92 92 92 92 92 92 92 92 92 92 92 92 92 92 92 92 93 93 93 93 93 93
96 96 96 96 96 95 95 95 95 95 95 95 95 94 94 94 94 94 94 94 94 94 93 93 93 93 93 93 93 93 93 93 92 92 92 92 92 92 92 92 92 92 92 92 91 91 91 91 91 91 91 91 91 91 91 91 91 91 91 91 91 91 91 91 91 91 91 91 91 91 91 91 91 91 91 91 91 91 91 91 91 91 91 91 91 91 91 92 92 92 92 92 92 92 92 92
95 95 95 95 95 95 95 95 95 94 94 94 94 94 94 94 94 93 93 93 93 93 93 93 93 93 92 92 92 92 92 92 92 92 92 92 91 91 91 91 91 91 91 91 91 91 91 91 91 90 90 90 90 90 90 90 90 90 90 90 90 90 90 90 90 90 90 90 90 90 90 90 90 90 90 90 90 90 90 90 90 90 90 90 91 91 91 91 91 91 91 91 91 91 91 91
95 95 95 95 94 94 94 94 94 94 94 94 94 93 93 93 93 93 93 93 93 92 92 92 92 92 92 92 92 92 91 91 91 91 91 91 91 91 91 91 90 90 90 90 90 90 90 90 90 90 90 90 90 90 90 89 89 89 89 89 89 89 89 89 89 89 89 89 89 89 89 89 89 89 89 89 89 89 89 90 90 90 90 90 90 90 90 90 90 90 90 90 90 90 90 90
94 94 94 94 94 94 94 94 93 93 93 93 93 93 93 93 92 92 92 92 92 92 92 92 92 91 91 91 91 91 91 91 91 90 90 90 90 90 90 90 90 90 90 90 89 89 89 89 89 89 89 89 89 89 89 89 89 89 89 89 89 89 89 89 89 88 88 88 88 88 89 89 89 89 89 89 89 89 89 89 89 89 89 89 89 89 89 89 89 89 89 89 89 89 89 90
94 94 94 94 93 93 93 93 93 93 93 93 92 92 92 92 92 92 92 92 91 91 91 91 91 91 91 91 90 90 90 90 90 90 90 90 90 89 89 89 89 89 89 89 89 89 89 89 88 88 88 88 88 88 88 88 88 88 88 88 88 88 88 88 88 88 88 88 88 88 88 88 88 88 88 88 88 88 88 88 88 88 88 88 88 88 88 88 88 88 88 88 89 89 89 89
93 93 93 93 93 93 93 93 92 92 92 92 92 92 92 91 91 91 91 91 91 91 91 90 90 90 90 90 90 90 90 89 89 89 89 89 89 89 89 89 89 88 88 88 88 88 88 88 88 88 88 88 88 87 87 87 87 87 87 87 87 87 87 87 87 87 87 87 87 87 87 87 87 87 87 87 87 87 87 87 87 87 87 87 87 87 87 87 88 88 88 88 88 88 88 88
93 93 93 93 92 92 92 92 92 92 92 91 91 91 91 91 91 91 91 90 90 90 90 90 90 90 89 89 89 89 89 89 89 89 89 88 88 88 88 88 88 88 88 88 87 87 87 87 87 87 87 87 87 87 87 87 87 87 86 86 86 86 86 86 86 86 86 86 86 86 86 86 86 86 86 86 86 86 86 86 86 86 86 87 87 87 87 87 87 87 87 87 87 87 87 87
92 92 92 92 92 92 92 91 91 91 91 91 91 91 91 90 90 90 90 90 90 90 89 89 89 89 89 89 89 89 88 88 88 88 88 88 88 88 87 87 87 87 87 87 87 87 87 87 86 86 86 86 86 86 86 86 86 86 86 86 86 86 86 86 86 86 85 85 85 85 85 85 85 85 85 86 86 86 86 86 86 86 86 86 86 86 86 86 86 86 86 86 86 86 86 86
92 92 92 92 91 91 91 91 91 91 91 90 90 90 90 90 90 90 89 89 89 89 89 89 89 88 88 88 88 88 88 88 88 87 87 87 87 87 87 87 87 86 86 86 86 86 86 86 86 86 86 85 85 85 85 85 85 85 85 85 85 85 85 85 85 85 85 85 85 85 85 85 85 85 85 85 85 85 85 85 85 85 85 85 85 85 85 85 85 85 85 85 85 85 85 85
91 91 91 91 91 91 91 90 90 90 90 90 90 90 89 89 89 89 89 89 89 88 88 88 88 88 88 88 87 87 87 87 87 87 87 87 86 86 86 86 86 86 86 86 85 85 85 85 85 85 85 85 85 85 85 84 84 84 84 84 84 84 84 84 84 84 84 84 84 84 84 84 84 84 84 84 84 84 84 84 84 84 84 84 84 84 84 84 84 84 84 84 85 85 85 85
91 91 91 90 90 90 90 90 90 90 89 89 89 89 89 89 89 88 88 88 88 88 88 88 87 87 87 87 87 87 87 86 86 86 86 86 86 86 86 85 85 85 85 85 85 85 85 84 84 84 84 84 84 84 84 84 84 84 84 84 83 83 83 83 83 83 83 83 83 83 83 83 83 83 83 83 83 83 83 83 83 83 83 83 83 83 83 84 84 84 84 84 84 84 84 84
90 90 90 90 90 90 90 89 89 89 89 89 89 89 88 88 88 88 88 88 87 87 87 87 87 87 87 86 86 86 86 86 86 86 85 85 85 85 85 85 85 85 84 84 84 84 84 84 84 84 84 83 83 83 83 83 83 83 83 83 83 83 83 83 83 83 83 82 82 82 82 82 82 82 82 82 82 82 82 83 83 83 83 83 83 83 83 83 83 83 83 83 83 83 83 83
90 90 90 89 89 89 89 89 89 89 88 88 88 88 88 88 88 87 87 87 87 87 87 86 86 86 86 86 86 86 85 85 85 85 85 85 85 84 84 84 84 84 84 84 83 83 83 83 83 83 83 83 83 83 82 82 82 82 82 82 82 82 82 82 82 82 82 82 82 82 82 82 82 82 82 82 82 82 82 82 82 82 82 82 82 82 82 82 82 82 82 82 82 82 82 82
89 89 89 89 89 89 89 88 88 88 88 88 88 87 87 87 87 87 87 87 86 86 86 86 86 86 85 85 85 85 85 85 85 84 84 84 84 84 84 84 83 83 83 83 83 83 83 82 82 82 82 82 82 82 82 82 82 81 81 81 81 81 81 81 81 81 81 81 81 81 81 81 81 81 81 81 81 81 81 81 81 81 81 81 81 81 81 81 81 81 81 81 81 81 82 82
89 89 89 89 88 88 88 88 88 88 87 87 87 87 87 87 86 86 86 86 86 86 86 85 85 85 85 85 85 84 84 84 84 84 84 83 83 83 83 83 83 83 82 82 82 82 82 82 82 82 81 81 81 81 81 81 81 81 81 81 81 81 80 80 80 80 80 80 80 80 80 80 80 80 80 80 80 80 80 80 80 80 80 80 80 80 80 80 80 80 80 81 81 81 81 81
88 88 88 88 88 88 88 87 87 87 87 87 87 86 86 86 86 86 86 85 85 85 85 85 85 84 84 84 84 84 84 83 83 83 83 83 83 83 82 82 82 82 82 82 82 81 81 81 81 81 81 81 81 80 80 80 80 80 80 80 80 80 80 80 80 80 80 80 79 79 79 79 79 79 79 79 79 79 79 79 79 79 79 80 80 80 80 80 80 80 80 80 80 80 80 80
88 88 88 88 87 87 87 87 87 87 86 86 86 86 86 86 85 85 85 85 85 85 84 84 84 84 84 84 83 83 83 83 83 83 82 82 82 82 82 82 81 81 81 81 81 81 81 80 80 80 80 80 80 80 80 80 79 79 79 79 79 79 79 79 79 79 79 79 79 79 79 79 79 79 79 79 79 79 79 79 79 79 79 79 79 79 79 79 79 79 79 79 79 79 79 79
88 87 87 87 87 87 87 86 86 86 86 86 86 85 85 85 85 85 85 84 84 84 84 84 84 83 83 83 83 83 82 82 82 82 82 82 81 81 81 81 81 81 81 80 80 80 80 80 80 80 79 79 79 79 79 79 79 79 79 78 78 78 78 78 78 78 78 78 78 78 78 78 78 78 78 78 78 78 78 78 78 78 78 78 78 78 78 78 78 78 78 78 78 78 78 79
87 87 87 87 86 86 86 86 86 86 85 85 85 85 85 85 84 84 84 84 84 83 83 83 83 83 83 82 82 82 82 82 82 81 81 81 81 81 81 80 80 80 80 80 80 79 79 79 79 79 79 79 78 78 78 78 78 78 78 78 78 78 78 77 77 77 77 77 77 77 77 77 77 77 77 77 77 77 77 77 77 77 77 77 77 77 77 77 77 77 77 78 78 78 78 78
87 86 86 86 86 86 86 85 85 85 85 85 85 84 84 84 84 84 83 83 83 83 83 83 82 82 82 82 82 82 81 81 81 81 81 80 80 80 80 80 80 79 79 79 79 79 79 78 78 78 78 78 78 78 78 77 77 77 77 77 77 77 77 77 77 77 77 77 77 77 76 76 76 76 76 76 76 76 76 76 76 76 76 76 76 77 77 77 77 77 77 77 77 77 77 77
86 86 86 86 85 85 85 85 85 85 84 84 84 84 84 84 83 83 83 83 83 82 82 82 82 82 82 81 81 81 81 81 80 80 80 80 80 80 79 79 79 79 79 78 78 78 78 78 78 78 77 77 77 77 77 77 77 77 76 76 76 76 76 76 76 76 76 76 76 76 76 76 76 76 76 76 76 76 76 76 76 76 76 76 76 76 76 76 76 76 76 76 76 76 76 76
86 85 85 85 85 85 85 84 84 84 84 84 84 83 83 83 83 83 82 82 82 82 82 82 81 81 81 81 81 80 80 80 80 80 79 79 79 79 79 79 78 78 78 78 78 78 77 77 77 77 77 77 76 76 76 76 76 76 76 76 76 75 75 75 75 75 75 75 75 75 75 75 75 75 75 75 75 75 75 75 75 75 75 75 75 75 75 75 75 75 75 75 75 75 75 76
85 85 85 85 84 84 84 84 84 84 83 83 83 83 83 82 82 82 82 82 82 81 81 81 81 81 80 80 80 80 80 79 79 79 79 79 79 78 78 78 78 78 77 77 77 77 77 77 76 76 76 76 76 76 75 75 75 75 75 75 75 75 75 75 74 74 74 74 74 74 74 74 74 74 74 74 74 74 74 74 74 74 74 74 74 74 74 74 74 74 74 75 75 75 75 75
85 85 84 84 84 84 84 83 83 83 83 83 83 82 82 82 82 82 81 81 81 81 81 80 80 80 80 80 80 79 79 79 79 79 78 78 78 78 78 77 77 77 77 77 76 76 76 76 76 76 75 75 75 75 75 75 74 74 74 74 74 74 74 74 74 74 74 74 74 74 74 74 74 74 74 74 74 74 74 73 74 74 74 74 74 74 74 74 74 74 74 74 74 74 74 74
84 84 84 84 84 83 83 83 83 83 82 82 82 82 82 81 81 81 81 81 81 80 80 80 80 80 79 79 79 79 79 78 78 78 78 78 77 77 77 77 77 76 76 76 76 76 75 75 75 75 75 75 74 74 74 74 74 74 74 73 73 73 73 73 73 73 73 73 73 73 73 73 73 73 73 73 73 73 73 73 73 73 73 73 73 73 73 73 73 73 73 73 73 73 73 73
84 84 83 83 83 83 83 83 82 82 82 82 82 81 81 81 81 81 80 80 80 80 80 79 79 79 79 79 78 78 78 78 78 77 77 77 77 77 76 76 76 76 76 75 75 75 75 75 74 74 74 74 74 74 73 73 73 73 73 73 73 73 72 72 72 72 72 72 72 72 72 72 72 72 72 72 72 72 72 72 72 72 72 72 72 72 72 72 72 72 72 72 72 72 73 73
83 83 83 83 83 82 82 82 82 82 81 81 81 81 81 81 80 80 80 80 80 79 79 79 79 79 78 78 78 78 77 77 77 77 77 76 76 76 76 76 75 75 75 75 75 74 74 74 74 74 73 73 73 73 73 73 72 72 72 72 72 72 72 72 72 72 71 71 71 71 71 71 71 71 71 71 71 71 71 71 71 71 71 71 71 71 71 71 71 71 72 72 72 72 72 72
83 83 83 82 82 82 82 82 81 81 81 81 81 80 80 80 80 80 79 79 79 79 79 78 78 78 78 78 77 77 77 77 77 76 76 76 76 75 75 75 75 75 74 74 74 74 74 73 73 73 73 73 72 72 72 72 72 72 71 71 71 71 71 71 71 71 71 71 71 71 71 71 71 71 71 71 71 71 71 71 71 71 71 71 71 71 71 71 71 71 71 71 71 71 71 71
82 82 82 82 82 82 81 81 81 81 81 80 80 80 80 80 79 79 79 79 79 78 78 78 78 77 77 77 77 77 76 76 76 76 76 75 75 75 75 74 74 74 74 74 73 73 73 73 73 72 72 72 72 72 71 71 71 71 71 71 70 70 70 70 70 70 70 70 70 70 70 70 70 70 70 70 70 70 70 70 70 70 70 70 70 70 70 70 70 70 70 70 70 70 70 70
82 82 82 81 81 81 81 81 80 80 80 80 80 79 79 79 79 79 78 78 78 78 78 77 77 77 77 77 76 76 76 76 75 75 75 75 75 74 74 74 74 73 73 73 73 73 72 72 72 72 71 71 71 71 71 70 70 70 70 70 70 70 70 69 69 69 69 69 69 69 69 69 69 69 69 69 69 69 69 69 69 69 69 69 69 69 69 69 69 69 69 69 69 70 70 70
82 81 81 81 81 81 80 80 80 80 80 79 79 79 79 79 78 78 78 78 78 77 77 77 77 76 76 76 76 76 75 75 75 75 74 74 74 74 74 73 73 73 73 73 72 72 72 71 71 71 71 71 70 70 70 70 70 69 69 69 69 69 69 69 69 69 69 69 69 69 69 69 69 69 69 69 69 69 69 69 69 68 68 68 68 68 68 68 68 68 68 69 69 69 69 69
81 81 81 81 80 80 80 80 80 79 79 79 79 79 78 78 78 78 78 77 77 77 77 76 76 76 76 76 75 75 75 75 74 74 74 74 74 73 73 73 73 72 72 72 72 71 71 71 71 71 70 70 70 70 69 69 69 69 69 68 68 68 68 68 68 68 68 68 68 68 68 68 68 68 68 68 68 68 68 68 68 68 68 67 67 67 67 67 67 68 68 68 68 68 68 68
81 81 80 80 80 80 80 79 79 79 79 79 78 78 78 78 77 77 77 77 77 76 76 76 76 76 75 75 75 75 74 74 74 74 73 73 73 73 72 72 72 72 72 71 71 71 71 70 70 70 70 69 69 69 69 68 68 68 68 68 68 67 67 67 67 67 67 67 67 67 67 67 67 68 68 68 68 68 67 67 67 67 67 67 67 67 67 67 67 67 67 67 67 67 68 68
80 80 80 80 79 79 79 79 79 78 78 78 78 78 77 77 77 77 77 76 76 76 76 75 75 75 75 75 74 74 74 74 73 73 73 73 72 72 72 72 72 71 71 71 71 70 70 70 70 69 69 69 69 68 68 68 68 67 67 67 67 67 66 66 66 66 66 66 66 66 66 67 67 67 67 67 67 67 67 67 66 66 66 66 66 66 66 66 66 66 66 66 66 67 67 67
80 80 79 79 79 79 79 78 78 78 78 78 77 77 77 77 77 76 76 76 76 75 75 75 75 75 74 74 74 74 73 73 73 73 72 72 72 72 71 71 71 71 71 70 70 70 70 69 69 69 68 68 68 68 67 67 67 67 66 66 66 66 66 66 65 65 65 65 65 66 66 66 66 66 67 67 67 66 66 66 65 65 65 65 65 65 65 65 65 65 65 65 66 66 66 66
79 79 79 79 79 78 78 78 78 78 77 77 77 77 77 76 76 76 76 75 75 75 75 75 74 74 74 74 73 73 73 73 72 72 72 72 71 71 71 71 71 70 70 70 70 69 69 69 68 68 68 68 67 67 67 66 66 66 66 65 65 65 65 65 65 65 64 64 65 65 65 65 65 66 66 66 66 66 65 65 64 64 64 64 64 64 64 64 64 64 64 65 65 65 65 66
79 79 79 78 78 78 78 78 77 77 77 77 77 76 76 76 76 75 75 75 75 75 74 74 74 74 73 73 73 73 72 72 72 72 71 71 71 71 71 70 70 70 70 69 69 69 68 68 68 68 67 67 67 66 66 66 66 65 65 65 65 64 64 64 64 64 64 64 64 64 64 64 64 65 65 66 66 65 64 64 63 63 63 63 63 63 63 63 63 63 64 64 64 64 65 65
