MUSICEvapDataQueryTool/BOMEvapData/etapmay.txt
ncols         417
nrows         337
xllcorner     112.15
yllcorner     -43.8
cellsize      0.1
NODATA_value  -9999
[rows 110 to 164 of 337, columns 0 to 95 of 417]
92 92 92 91 91 91 91 91 90 90 90 90 90 89 89 89 89 89 88 88 88 88 88 87 87 87 87 87 86 86 86 86 85 85 85 85 84 84 84 84 83 83 83 82 82 82 82 81 81 81 81 81 80 80 80 80 79 79 79 78 78 78 78 78 77 77 77 76 76 76 76 76 76 76 76 76 76 76 75 75 75 75 75 75 75 75 75 76 76 76 76 76 77 77 77 77
91 91 91 91 91 91 90 90 90 90 90 89 89 89 89 89 88 88 88 88 88 87 87 87 87 86 86 86 86 86 85 85 85 85 84 84 84 84 83 83 83 82 82 82 81 81 81 81 80 80 80 80 79 79 79 79 78 78 78 78 77 77 77 77 76 76 76 76 75 75 75 75 75 75 75 75 75 74 74 74 74 74 74 74 74 74 75 75 75 75 75 75 76 76 76 77
91 91 91 90 90 90 90 90 89 89 89 89 89 88 88 88 88 88 87 87 87 87 87 86 86 86 86 86 85 85 85 85 84 84 84 83 83 83 83 82 82 82 81 81 81 81 80 80 80 79 79 79 79 78 78 78 78 78 77 77 77 77 76 76 76 75 75 75 75 74 74 74 74 74 73 74 74 73 73 73 73 73 73 73 73 73 74 74 74 74 74 75 75 75 76 76
91 90 90 90 90 90 89 89 89 89 89 88 88 88 88 88 87 87 87 87 87 86 86 86 86 85 85 85 85 85 84 84 84 83 83 83 83 82 82 82 82 81 81 81 80 80 80 80 79 79 79 78 78 78 77 77 77 77 77 76 76 76 76 75 75 75 74 74 74 73 73 73 73 73 73 73 72 72 72 72 72 72 72 72 72 73 73 73 73 74 74 74 74 75 75 75
90 90 90 90 89 89 89 89 89 88 88 88 88 88 87 87 87 87 86 86 86 86 86 85 85 85 85 84 84 84 84 83 83 83 83 82 82 82 82 81 81 81 80 80 80 79 79 79 79 78 78 78 78 77 77 76 76 76 76 75 75 75 75 74 74 74 74 73 73 73 72 72 72 72 72 71 71 71 71 70 71 71 71 71 71 72 72 72 73 73 73 73 74 74 74 74
90 89 89 89 89 89 88 88 88 88 88 87 87 87 87 87 86 86 86 86 86 85 85 85 85 84 84 84 84 83 83 83 83 82 82 82 82 81 81 81 80 80 80 80 79 79 79 78 78 78 78 77 77 77 76 76 76 75 75 75 74 74 74 74 73 73 73 72 72 72 72 72 71 71 71 70 70 70 69 69 69 70 70 70 71 71 71 72 72 72 73 73 73 73 74 74
89 89 89 89 88 88 88 88 88 87 87 87 87 87 86 86 86 86 85 85 85 85 85 84 84 84 84 83 83 83 83 82 82 82 82 81 81 81 81 80 80 80 79 79 79 78 78 78 77 77 77 76 76 76 76 76 75 75 75 74 74 74 73 73 73 72 72 72 71 71 71 71 71 70 70 70 69 69 68 68 68 69 69 69 70 70 71 71 71 72 72 72 72 73 73 73
89 89 88 88 88 88 88 87 87 87 87 87 86 86 86 86 85 85 85 85 85 84 84 84 84 83 83 83 83 82 82 82 82 81 81 81 81 80 80 80 79 79 78 78 78 78 77 77 77 76 76 76 76 75 75 75 74 74 74 74 73 73 73 72 72 71 71 71 70 70 70 70 70 70 69 69 68 68 68 67 68 68 68 69 69 70 70 70 71 71 71 72 72 72 72 73
88 88 88 88 88 87 87 87 87 87 86 86 86 86 85 85 85 84 84 84 84 84 84 83 83 83 83 82 82 82 82 81 81 81 81 80 80 80 79 79 79 78 78 77 77 77 77 77 76 76 76 75 75 75 75 74 74 74 74 73 73 72 72 72 71 71 71 70 70 70 70 69 69 69 69 68 68 68 67 67 67 68 68 68 69 69 69 70 70 70 71 71 71 71 72 72
88 88 88 87 87 87 87 87 86 86 86 86 85 85 85 85 85 84 84 84 84 83 83 83 83 82 82 82 82 81 81 81 81 80 80 80 79 79 79 79 78 78 77 77 77 76 76 76 76 75 75 75 74 74 74 73 73 73 73 73 72 72 72 71 71 71 70 70 69 69 69 69 69 69 68 68 68 67 67 67 67 67 68 68 68 69 69 69 70 70 70 70 71 71 71 71
88 87 87 87 87 86 86 86 86 86 85 85 85 85 85 84 84 83 83 83 83 83 83 82 82 82 82 81 81 81 81 80 80 80 80 79 79 79 79 78 78 77 77 77 76 76 76 75 75 75 75 74 74 73 73 73 73 73 72 72 72 71 71 71 71 70 70 69 69 69 69 69 68 68 68 68 67 67 67 67 67 67 67 68 68 68 69 69 69 69 70 70 70 70 71 71
87 87 87 86 86 86 86 86 85 85 85 85 85 84 84 84 83 83 83 83 83 83 82 82 82 81 81 81 81 80 80 80 80 79 79 79 79 78 78 78 77 77 77 76 76 76 75 75 75 75 74 74 74 73 73 73 72 72 71 71 71 71 71 70 70 70 70 69 69 69 69 69 68 68 68 68 67 67 67 67 67 67 67 67 68 68 68 69 69 69 69 69 70 70 70 70
87 86 86 86 86 86 85 85 85 85 85 84 84 84 84 83 83 83 82 82 82 82 82 81 81 81 81 80 80 80 80 79 79 79 79 78 78 78 78 77 77 77 76 76 76 75 75 75 74 74 73 73 73 73 72 72 72 72 71 71 71 70 70 70 70 69 69 69 69 69 69 68 68 68 68 68 67 67 67 67 67 67 67 67 67 68 68 68 68 69 69 69 69 69 70 70
86 86 86 86 85 85 85 85 85 84 84 84 84 83 83 83 82 82 82 82 82 81 81 81 81 80 80 80 80 79 79 79 79 78 78 78 78 77 77 77 77 76 76 75 75 75 74 74 74 74 73 73 73 72 72 72 71 71 71 70 70 70 70 69 69 69 69 69 68 68 68 68 68 68 68 68 68 67 67 67 67 67 67 67 67 67 68 68 68 68 69 69 69 69 69 69
86 86 85 85 85 85 85 84 84 84 84 83 83 83 83 82 82 82 82 81 81 81 81 81 80 80 80 80 79 79 79 79 78 78 78 78 77 77 77 76 76 76 76 75 74 74 74 74 73 73 73 73 72 72 72 71 71 70 70 70 70 70 69 69 69 69 69 68 68 68 68 68 68 68 68 68 68 67 67 67 67 67 67 67 67 67 67 68 68 68 68 68 68 69 69 69
85 85 85 85 85 84 84 84 84 84 83 83 83 83 82 82 82 81 81 81 81 80 80 80 80 80 79 79 79 79 78 78 78 78 77 77 77 76 76 76 76 75 75 75 74 74 74 73 73 73 73 72 72 72 71 71 71 70 70 70 70 69 69 69 69 68 68 68 68 68 68 68 68 68 68 68 68 67 67 67 67 67 67 67 67 67 67 67 67 68 68 68 68 68 68 69
85 85 85 84 84 84 84 84 83 83 83 83 82 82 82 82 81 81 81 80 80 80 80 80 79 79 79 79 78 78 78 78 77 77 77 77 76 76 76 76 75 75 75 74 74 74 74 73 73 73 72 72 72 71 71 71 70 70 70 70 69 69 69 69 68 68 68 68 68 68 68 68 68 68 68 68 67 67 67 67 67 67 67 67 67 67 67 67 67 67 67 68 68 68 68 68
85 84 84 84 84 84 83 83 83 83 82 82 82 82 82 81 81 81 80 80 80 80 79 79 79 79 78 78 78 78 77 77 77 77 76 76 76 75 75 75 75 75 74 74 74 74 73 73 73 72 72 72 71 71 70 70 70 70 70 69 69 69 68 68 68 68 68 68 68 68 68 67 67 67 68 68 67 67 67 67 67 67 67 67 67 67 67 67 67 67 67 67 67 68 68 68
84 84 84 84 83 83 83 83 83 82 82 82 82 81 81 81 80 80 80 80 79 79 79 79 78 78 78 78 77 77 77 77 76 76 76 76 75 75 75 75 74 74 74 74 73 73 73 72 72 72 72 71 71 71 70 70 70 70 69 69 69 68 68 68 68 68 68 68 68 67 67 67 67 67 67 67 67 67 67 67 67 67 67 67 67 67 67 67 67 67 67 67 67 67 67 67
84 84 83 83 83 83 83 82 82 82 82 81 81 81 81 80 80 80 79 79 79 79 79 78 78 78 78 77 77 77 77 76 76 76 75 75 75 74 74 74 74 74 74 73 73 73 72 72 72 72 71 71 71 70 70 70 70 69 69 69 69 68 68 68 68 67 67 67 67 67 67 67 67 67 67 67 67 67 67 67 67 67 66 66 66 66 66 66 66 66 67 67 67 67 67 67
84 83 83 83 83 82 82 82 82 81 81 81 81 81 80 80 80 79 79 79 79 78 78 78 78 77 77 77 77 76 76 76 76 75 75 75 74 74 74 74 73 73 73 73 72 72 72 72 72 71 71 71 71 70 70 69 69 69 69 69 68 68 68 68 67 67 67 67 67 67 67 67 67 67 67 67 67 67 67 67 66 66 66 66 66 66 66 66 66 66 66 66 66 67 67 67
83 83 83 82 82 82 82 82 81 81 81 81 80 80 80 80 79 79 79 78 78 78 78 77 77 77 77 76 76 76 76 75 75 75 75 74 74 74 73 73 73 73 73 72 72 72 72 71 71 71 71 70 70 70 70 69 69 69 68 68 68 68 68 67 67 67 67 67 67 67 67 67 67 67 67 67 67 67 66 66 66 66 66 66 66 66 66 66 66 66 66 66 66 66 66 66
83 83 82 82 82 82 81 81 81 81 80 80 80 80 79 79 79 79 78 78 78 78 77 77 77 76 76 76 76 75 75 75 75 74 74 74 74 73 73 73 72 72 72 72 72 71 71 71 71 71 70 70 70 70 69 69 69 69 68 68 68 68 67 67 67 67 67 67 67 67 67 67 67 67 67 67 67 67 66 66 66 66 66 66 66 66 66 66 66 66 66 66 66 66 66 66
82 82 82 82 82 81 81 81 81 80 80 80 80 79 79 79 78 78 78 78 77 77 77 77 76 76 76 76 75 75 75 75 74 74 74 73 73 73 73 72 72 72 72 71 71 71 71 71 70 70 70 70 70 69 69 69 69 68 68 68 68 68 67 67 67 67 67 67 67 66 67 67 67 67 67 67 66 66 66 66 66 66 66 66 65 65 65 65 65 65 65 65 66 66 66 66
82 82 82 81 81 81 81 80 80 80 80 79 79 79 78 78 78 78 78 77 77 77 76 76 76 76 75 75 75 75 74 74 74 74 73 73 73 73 72 72 72 71 71 71 71 71 70 70 70 70 70 69 69 69 69 69 68 68 68 68 67 67 67 67 67 67 67 66 66 66 66 66 66 66 66 66 66 66 66 66 66 66 65 65 65 65 65 65 65 65 65 65 65 65 65 65
82 82 81 81 81 81 80 80 80 80 79 79 79 79 78 78 78 77 77 77 77 76 76 76 76 75 75 75 74 74 74 74 73 73 73 73 72 72 72 72 71 71 71 71 70 70 70 70 69 69 69 69 69 68 68 68 68 68 68 67 67 67 67 67 67 66 66 66 66 66 66 66 66 66 66 66 66 66 66 65 65 65 65 65 65 65 65 65 65 65 65 65 65 65 65 65
81 81 81 81 80 80 80 80 79 79 79 79 78 78 78 77 77 77 77 76 76 76 76 75 75 75 75 74 74 74 74 73 73 73 73 72 72 72 72 71 71 71 71 70 70 70 69 69 69 69 69 68 68 68 68 68 68 67 67 67 67 67 66 66 66 66 66 66 66 66 66 66 66 66 66 66 65 65 65 65 65 65 65 65 65 65 65 65 65 65 65 65 65 65 65 65
81 81 81 80 80 80 80 79 79 79 79 78 78 78 77 77 77 77 76 76 76 76 75 75 75 75 74 74 74 74 73 73 73 72 72 72 72 72 71 71 71 71 70 70 70 69 69 69 69 68 68 68 68 68 68 67 67 67 67 67 66 66 66 66 66 66 66 66 66 66 66 66 66 65 65 65 65 65 65 65 65 65 65 65 65 65 65 64 64 64 64 64 64 64 64 64
81 81 80 80 80 80 79 79 79 79 78 78 78 77 77 77 76 76 76 76 75 75 75 75 74 74 74 74 73 73 73 73 72 72 72 72 71 71 71 71 70 70 70 70 69 69 69 69 68 68 68 68 67 67 67 67 67 67 67 66 66 66 66 66 66 66 66 66 65 65 65 65 65 65 65 65 65 65 65 65 65 65 64 64 64 64 64 64 64 64 64 64 64 64 64 64
80 80 80 80 79 79 79 79 78 78 78 78 77 77 77 76 76 76 76 75 75 75 75 74 74 74 73 73 73 73 72 72 72 72 72 71 71 71 71 70 70 70 70 69 69 69 69 68 68 68 67 67 67 67 67 67 67 66 66 66 66 66 66 66 66 65 65 65 65 65 65 65 65 65 65 65 65 65 64 64 64 64 64 64 64 64 64 64 64 64 64 64 64 64 64 64
80 80 80 79 79 79 79 78 78 78 78 77 77 77 76 76 76 75 75 75 75 74 74 74 74 73 73 73 72 72 72 72 72 71 71 71 71 70 70 70 70 69 69 69 69 68 68 68 68 67 67 67 67 67 66 66 66 66 66 66 66 66 65 65 65 65 65 65 65 65 65 65 65 64 64 64 64 64 64 64 64 64 64 64 64 64 64 64 64 64 64 64 64 64 64 64
80 80 79 79 79 79 78 78 78 78 77 77 76 76 76 76 75 75 75 75 74 74 74 74 73 73 73 72 72 72 72 72 71 71 71 71 70 70 70 70 69 69 69 68 68 68 68 68 67 67 67 67 66 66 66 66 66 65 65 65 65 65 65 65 65 65 65 65 65 64 64 64 64 64 64 64 64 64 64 64 64 64 64 64 64 64 64 64 63 63 63 63 63 63 63 63
79 79 79 79 79 78 78 78 77 77 77 77 76 76 76 75 75 75 74 74 74 74 73 73 73 73 72 72 72 72 71 71 71 71 70 70 70 70 70 69 69 69 69 68 68 68 67 67 67 67 66 66 66 66 66 65 65 65 65 65 65 65 65 65 65 64 64 64 64 64 64 64 64 64 64 64 64 64 64 64 64 64 64 63 63 63 63 63 63 63 63 63 63 63 63 63
79 79 79 79 78 78 78 77 77 77 77 76 76 76 75 75 75 74 74 74 74 73 73 73 73 72 72 72 71 71 71 71 71 70 70 70 70 69 69 69 69 68 68 68 68 67 67 67 67 66 66 66 66 66 65 65 65 65 65 65 64 64 64 64 64 64 64 64 64 64 64 64 64 64 64 63 63 63 63 63 63 63 63 63 63 63 63 63 63 63 63 63 63 63 63 63
79 79 78 78 78 78 77 77 77 77 76 76 76 75 75 75 74 74 74 73 73 73 73 73 72 72 72 71 71 71 71 71 70 70 70 69 69 69 69 69 68 68 68 68 67 67 67 66 66 66 66 65 65 65 65 65 65 65 64 64 64 64 64 64 64 64 64 64 64 63 63 63 63 63 63 63 63 63 63 63 63 63 63 63 63 63 63 63 63 63 63 63 63 63 63 63
79 78 78 78 78 77 77 77 77 76 76 76 75 75 75 74 74 74 73 73 73 73 72 72 72 72 71 71 71 71 70 70 70 70 69 69 69 69 68 68 68 68 67 67 67 66 66 66 66 66 65 65 65 65 65 64 64 64 64 64 64 64 64 64 63 63 63 63 63 63 63 63 63 63 63 63 63 63 63 63 63 63 63 63 63 63 63 63 62 62 62 62 62 62 62 62
78 78 78 78 77 77 77 77 76 76 76 76 75 75 75 74 74 73 73 73 73 72 72 72 72 71 71 71 70 70 70 70 70 69 69 69 69 68 68 68 68 67 67 67 66 66 66 66 65 65 65 65 65 64 64 64 64 64 64 64 64 64 63 63 63 63 63 63 63 63 63 63 63 63 63 63 63 63 63 63 63 63 62 62 62 62 62 62 62 62 62 62 62 62 62 62
78 78 78 77 77 77 77 76 76 76 76 75 75 75 74 74 73 73 73 73 72 72 72 72 71 71 71 71 70 70 70 70 69 69 69 68 68 68 68 67 67 67 67 66 66 66 65 65 65 65 65 64 64 64 64 64 64 64 64 63 63 63 63 63 63 63 63 63 63 63 63 63 63 63 63 63 62 62 62 62 62 62 62 62 62 62 62 62 62 62 62 62 62 62 62 62
78 78 77 77 77 77 76 76 76 75 75 75 75 74 74 74 73 73 73 72 72 72 72 71 71 71 71 70 70 70 70 69 69 69 68 68 68 68 67 67 67 66 66 66 66 65 65 65 65 64 64 64 64 64 64 63 63 63 63 63 63 63 63 63 63 63 63 63 63 63 63 62 62 62 62 62 62 62 62 62 62 62 62 62 62 62 62 62 62 62 62 62 62 61 61 61
78 77 77 77 77 77 76 76 76 75 75 75 75 74 74 74 73 73 73 72 72 72 71 71 71 71 70 70 70 69 69 69 69 68 68 68 68 67 67 67 66 66 66 65 65 65 65 64 64 64 64 64 63 63 63 63 63 63 63 63 63 63 63 62 62 62 62 62 62 62 62 62 62 62 62 62 62 62 62 62 62 62 62 62 62 61 62 62 62 61 61 61 61 61 61 61
77 77 77 77 77 76 76 76 76 75 75 75 74 74 74 74 73 73 72 72 72 72 71 71 71 70 70 70 69 69 69 69 68 68 68 67 67 67 66 66 66 66 65 65 65 65 64 64 64 64 63 63 63 63 63 63 63 63 62 62 62 62 62 62 62 62 62 62 62 62 62 62 62 62 62 62 62 62 62 62 62 62 62 61 61 61 61 61 61 61 61 61 61 61 61 61
77 77 77 77 76 76 76 76 75 75 75 75 74 74 74 73 73 73 72 72 72 71 71 71 70 70 70 69 69 69 68 68 68 68 67 67 67 66 66 66 65 65 65 65 64 64 64 64 63 63 63 63 63 63 62 62 62 62 62 62 62 62 62 62 62 62 62 62 62 62 62 62 62 62 62 62 62 62 62 61 61 61 61 61 61 61 61 61 61 61 61 61 61 61 61 61
77 77 76 76 76 76 76 75 75 75 75 74 74 74 74 73 73 73 72 72 71 71 71 71 70 70 69 69 69 68 68 68 68 67 67 67 66 66 66 65 65 65 65 64 64 64 63 63 63 63 63 62 62 62 62 62 62 62 62 62 62 62 62 61 61 61 61 61 61 61 61 61 61 61 61 61 61 61 61 61 61 61 61 61 61 61 61 61 61 61 61 61 60 61 60 60
77 76 76 76 76 76 75 75 75 75 75 74 74 74 73 73 73 73 72 72 71 71 71 70 70 70 69 69 69 68 68 68 67 67 66 66 66 66 65 65 65 64 64 64 64 63 63 63 62 62 62 62 62 62 62 62 62 61 61 61 61 61 61 61 61 61 61 61 61 61 61 61 61 61 61 61 61 61 61 61 61 61 61 61 61 61 61 61 61 61 61 60 60 60 60 60
76 76 76 76 76 75 75 75 75 75 74 74 74 73 73 73 73 72 72 72 71 71 70 70 70 69 69 69 68 68 68 67 67 66 66 66 66 65 65 65 64 64 64 63 63 63 63 62 62 62 62 62 62 61 61 61 61 61 61 61 61 61 61 61 61 61 61 61 61 61 61 61 61 61 61 61 61 61 61 61 61 61 61 61 61 61 61 61 60 60 60 60 60 60 60 60
76 76 76 76 75 75 75 75 74 74 74 74 74 73 73 73 73 72 72 72 71 71 70 70 69 69 69 68 68 68 67 67 67 66 66 66 65 65 65 64 64 64 63 63 63 63 62 62 62 62 62 61 61 61 61 61 61 61 61 61 61 61 61 61 61 61 61 61 61 61 61 61 61 61 61 61 61 61 61 61 61 61 61 61 60 60 60 60 60 60 60 60 60 60 60 60
76 76 76 75 75 75 75 75 74 74 74 74 74 73 73 73 72 72 72 71 71 70 70 70 69 69 68 68 68 67 67 67 66 66 66 65 65 65 64 64 64 63 63 63 62 62 62 62 62 61 61 61 61 61 61 61 61 61 60 60 60 60 60 60 60 60 60 60 60 60 60 60 60 60 60 60 60 60 60 60 60 60 60 60 60 60 60 60 60 60 60 60 60 60 60 60
76 76 75 75 75 75 75 74 74 74 74 74 74 73 73 73 72 72 71 71 71 70 70 69 69 68 68 68 67 67 67 66 66 66 65 65 65 64 64 64 63 63 63 62 62 62 62 61 61 61 61 61 61 61 60 60 60 60 60 60 60 60 60 60 60 60 60 60 60 60 60 60 60 60 60 60 60 60 60 60 60 60 60 60 60 60 60 60 60 60 60 60 60 59 59 59
75 75 75 75 75 75 74 74 74 74 74 73 73 73 73 72 72 71 71 71 71 70 70 69 69 68 68 67 67 67 66 66 66 65 65 65 64 64 63 63 63 63 62 62 62 62 61 61 61 61 60 60 60 60 60 60 60 60 60 60 60 60 60 60 60 60 60 60 60 60 60 60 60 60 60 60 60 60 60 60 60 60 60 60 60 60 60 60 60 60 59 59 59 59 59 59
75 75 75 75 75 74 74 74 74 74 73 73 73 73 73 72 72 71 71 71 70 70 69 69 68 68 68 67 67 66 66 66 65 65 65 64 64 63 63 63 63 62 62 62 61 61 61 61 60 60 60 60 60 60 60 60 60 60 59 59 59 59 59 59 59 59 60 60 59 60 60 60 60 60 60 60 60 60 60 60 60 60 60 60 60 60 60 60 59 59 59 59 59 59 59 59
75 75 75 74 74 74 74 74 74 73 73 73 73 72 72 72 72 71 71 70 70 69 69 69 68 68 67 67 67 66 66 65 65 65 64 64 63 63 63 62 62 62 62 61 61 61 61 60 60 60 60 60 59 59 59 59 59 59 59 59 59 59 59 59 59 59 59 59 59 59 59 59 59 60 60 60 60 60 60 60 60 60 60 60 60 59 59 59 59 59 59 59 59 59 59 59
75 75 74 74 74 74 74 74 73 73 73 73 72 72 72 72 71 71 70 70 70 69 69 68 68 67 67 67 66 66 65 65 65 64 64 63 63 63 62 62 62 61 61 61 61 60 60 60 60 60 59 59 59 59 59 59 59 59 59 59 59 59 59 59 59 59 59 59 59 59 59 59 59 59 59 59 60 60 60 60 59 60 59 59 59 59 59 59 59 59 59 59 59 59 59 58
75 74 74 74 74 74 73 73 73 73 73 72 72 72 72 71 71 70 70 70 69 69 68 68 68 67 67 66 66 65 65 65 64 64 64 63 63 62 62 62 61 61 61 61 60 60 60 60 59 59 59 59 59 59 58 58 58 58 58 58 58 58 58 58 58 58 59 59 59 59 59 59 59 59 59 59 59 59 59 59 59 59 59 59 59 59 59 59 59 59 59 59 58 58 58 58
74 74 74 74 74 73 73 73 73 73 72 72 72 71 71 71 71 70 70 69 69 69 68 68 67 67 66 66 66 65 65 64 64 64 63 63 62 62 62 61 61 61 60 60 60 60 59 59 59 59 59 58 58 58 58 58 58 58 58 58 58 58 58 58 58 58 58 58 58 58 59 59 59 59 59 59 59 59 59 59 59 59 59 59 59 59 59 59 59 59 58 58 58 58 58 58
74 74 74 74 73 73 73 73 73 72 72 72 72 71 71 71 70 70 69 69 69 68 68 67 67 67 66 66 65 65 64 64 64 63 63 62 62 62 61 61 61 60 60 60 59 59 59 59 59 58 58 58 58 58 58 58 58 58 58 58 58 58 58 58 58 58 58 58 58 58 58 58 58 59 59 59 59 59 59 59 59 59 59 59 59 59 59 59 58 58 58 58 58 58 58 58
