MUSICEvapDataQueryTool/BOMEvapData/etapmar.txt
ncols         417
nrows         337
xllcorner     112.15
yllcorner     -43.8
cellsize      0.1
NODATA_value  -9999
[rows 84 to 125 of 337, columns 188 to 281 of 417]
171 172 172 172 172 172 172 172 173 173 172 172 172 173 173 173 173 173 173 173 173 173 173 173 172 172 172 172 172 171 171 171 171 171 171 171 171 171 171 171 171 171 171 171 171 171 171 170 170 170 171 171 172 173 173 174 174 175 175 176 176 177 177 178 178 178 179 179 180 180 181 181 181 181 182 183 183 184 184 184 185 185 185 186 186 186 186 186 186 186 186 186 186 186
170 170 171 171 171 171 171 171 172 172 172 172 172 172 172 172 172 172 172 172 172 172 172 172 172 171 171 171 171 171 171 171 171 171 171 171 170 170 170 170 170 170 170 170 170 170 170 170 170 170 170 171 171 172 172 173 173 174 174 175 176 176 177 177 177 177 178 178 179 179 179 179 180 180 181 181 181 182 181 182 182 183 184 184 184 184 185 185 185 185 185 185 185 185
169 169 169 170 170 170 170 170 170 170 171 171 171 171 171 171 171 171 171 171 171 171 171 171 171 171 170 170 170 170 170 170 170 170 170 170 170 170 170 170 170 169 169 169 169 169 169 169 169 169 170 170 171 171 172 172 173 173 173 174 175 175 176 176 176 177 177 177 177 177 178 178 178 178 178 179 179 179 180 180 181 181 181 182 182 182 183 183 183 183 183 183 183 183
167 168 168 168 169 169 169 169 169 169 170 170 170 170 170 170 170 170 171 171 171 171 170 170 170 170 170 169 169 169 169 169 169 169 169 169 169 169 169 169 169 169 169 169 169 169 169 169 169 169 169 169 170 170 171 172 172 172 173 174 174 175 175 175 176 176 176 176 176 176 176 176 176 176 176 177 177 178 178 179 179 179 179 180 180 180 181 181 181 181 182 182 182 182
166 166 167 167 167 167 168 168 168 169 169 169 169 169 169 169 169 170 170 170 170 170 170 170 169 169 169 169 169 168 168 168 168 169 169 169 168 169 168 168 168 168 168 168 168 168 168 168 168 168 168 169 169 170 170 171 171 172 173 173 174 174 174 175 175 175 175 175 175 174 174 174 175 175 175 175 176 176 176 177 177 176 177 177 178 178 179 180 180 180 180 180 180 180
165 165 165 166 166 166 167 167 167 168 168 168 168 168 168 168 169 169 169 169 169 169 169 169 169 168 168 168 168 168 167 167 168 168 168 168 167 168 168 168 167 167 167 167 167 167 167 167 168 168 168 168 169 169 170 170 171 171 172 173 173 173 174 174 174 174 174 174 173 173 173 173 173 173 173 173 173 175 174 174 174 174 175 176 176 177 177 178 178 178 178 179 179 179
164 164 164 165 165 166 166 166 167 167 167 167 167 167 168 168 168 168 168 168 168 168 168 168 168 168 168 167 167 167 167 167 167 167 167 167 167 167 167 167 167 167 167 167 167 167 167 167 167 167 167 168 168 168 169 170 170 171 171 172 172 173 173 173 173 173 173 173 172 172 171 171 171 171 171 171 171 172 172 172 172 172 173 174 173 174 175 176 176 177 177 177 177 177
163 163 164 164 164 165 165 165 166 166 166 166 166 167 167 167 168 168 168 168 167 167 167 167 167 167 167 167 167 166 166 167 167 166 166 167 167 167 166 166 166 166 166 166 166 166 166 166 166 167 167 167 167 168 168 169 170 170 171 171 172 172 173 173 173 173 172 172 171 170 170 170 169 169 169 169 170 171 171 171 171 171 171 172 172 173 174 175 175 175 175 176 176 176
162 162 163 163 163 164 164 164 165 165 165 166 165 166 166 167 167 167 167 167 167 167 167 167 167 167 167 167 166 166 166 166 166 166 166 166 166 166 166 166 166 166 166 166 166 166 166 166 166 166 166 166 166 167 167 168 169 170 170 171 172 172 172 173 172 172 172 171 170 169 168 168 167 167 167 167 168 169 169 169 169 169 169 170 171 172 173 173 173 174 174 174 174 174
160 161 161 162 162 163 163 164 164 164 164 165 165 165 166 166 166 166 166 166 167 167 167 167 167 167 166 166 166 166 165 165 165 165 165 165 166 165 165 165 165 165 165 165 165 165 165 165 165 165 165 166 166 166 167 167 168 169 170 171 171 172 172 172 172 172 171 170 169 168 167 166 165 165 165 165 166 166 166 167 167 167 168 169 170 170 170 171 172 172 173 173 173 173
159 160 160 161 161 162 162 163 163 163 163 164 164 164 165 165 165 166 166 166 166 166 166 166 166 166 166 166 166 165 165 164 164 165 165 165 165 165 165 165 165 165 165 165 165 165 165 165 165 165 165 165 165 165 166 167 168 168 169 170 171 172 172 172 172 172 171 169 168 166 165 164 163 163 163 163 164 164 165 165 165 166 166 167 168 168 169 170 170 170 171 171 171 172
158 159 160 160 161 161 161 162 162 163 163 163 163 164 164 164 165 165 165 165 165 165 165 166 165 165 165 165 165 165 165 164 164 164 164 164 164 164 164 164 164 164 164 164 164 164 164 164 164 164 164 164 164 165 165 166 167 168 169 170 171 172 172 173 172 172 171 169 167 165 163 162 161 161 161 161 162 162 163 164 164 165 166 166 166 167 168 168 168 169 170 170 170 170
157 158 159 159 160 160 161 161 161 162 162 162 163 163 163 164 164 164 165 165 165 165 165 165 165 165 165 165 165 165 164 164 164 164 164 164 164 164 164 164 164 164 164 164 164 164 163 163 163 163 163 163 163 164 164 165 166 167 168 169 170 171 172 173 173 172 171 169 166 164 161 159 159 159 159 160 160 161 161 162 163 163 164 165 164 165 166 167 167 168 168 168 168 169
156 157 157 158 159 159 160 160 161 161 162 162 162 163 163 163 163 164 164 164 164 164 164 164 164 164 164 164 164 164 164 164 164 163 163 163 163 163 163 163 163 163 163 163 163 163 163 163 163 163 163 163 163 163 163 164 165 166 168 169 170 171 172 173 174 173 171 169 166 163 160 157 157 157 158 158 159 160 160 161 162 162 163 164 163 164 165 166 166 166 167 167 167 168
155 156 157 157 158 159 159 160 160 160 161 161 162 162 162 162 163 163 163 164 164 164 164 164 164 164 164 164 164 164 163 163 163 162 163 163 163 163 163 163 163 163 163 163 163 163 162 162 162 162 162 162 162 162 163 164 165 166 167 168 170 171 172 173 174 174 171 168 165 162 159 157 156 156 157 157 158 159 160 160 160 161 162 162 163 163 164 165 165 165 166 166 166 166
154 155 156 157 157 158 158 159 159 160 160 161 161 161 162 162 162 163 163 163 163 163 163 163 163 164 164 164 164 163 163 163 163 162 162 162 162 162 162 162 162 162 162 162 162 162 162 162 162 162 162 162 162 162 163 163 164 165 166 168 169 170 171 172 173 173 171 168 165 162 159 157 156 156 156 157 157 158 159 159 160 160 160 161 161 162 163 163 163 164 164 164 165 165
154 154 155 156 156 157 158 158 159 159 160 160 160 161 161 161 161 162 162 162 163 163 163 163 163 163 163 163 163 163 163 163 163 162 162 162 162 162 162 162 162 162 162 162 162 162 161 161 161 161 161 161 162 162 162 163 163 164 165 167 168 169 170 170 171 170 169 166 164 161 159 158 156 156 156 156 157 157 158 158 159 159 159 160 161 161 162 162 162 163 163 163 163 164
153 154 154 155 156 156 157 158 158 159 159 159 159 160 160 161 161 161 162 162 162 162 162 162 163 163 163 163 163 163 163 163 162 162 162 161 162 162 162 162 162 162 161 161 161 161 161 161 161 161 161 161 161 162 162 162 163 163 164 165 166 167 168 168 168 168 166 165 163 161 159 157 156 156 156 156 156 156 157 157 158 158 159 159 160 161 161 162 162 162 162 162 162 163
153 153 154 154 155 156 156 157 158 158 159 159 159 159 160 160 160 161 161 161 162 162 162 162 162 162 162 162 163 163 163 162 162 162 162 161 161 161 161 161 161 161 161 161 161 161 161 161 161 161 161 161 161 161 161 162 162 163 164 164 165 166 166 166 166 166 164 163 161 160 158 157 156 155 155 155 155 155 156 157 157 158 158 159 159 160 160 161 161 160 161 161 161 161
152 153 153 154 154 155 156 156 157 158 158 158 159 159 159 160 160 160 161 161 161 161 161 162 162 162 162 162 162 162 162 162 162 161 161 161 160 160 161 161 161 161 161 160 160 160 160 160 160 160 160 160 160 161 161 161 161 162 163 163 164 164 165 165 164 164 163 161 160 159 157 156 155 155 155 154 155 155 155 156 156 157 158 158 159 160 160 160 160 160 160 160 160 160
152 153 153 154 154 155 155 156 157 157 157 158 158 159 159 159 159 160 160 160 161 161 161 161 161 161 162 162 162 162 162 162 162 161 161 161 160 160 160 160 160 160 160 160 160 159 159 160 160 160 160 160 160 160 160 160 161 161 161 162 162 163 163 163 162 162 160 160 159 158 156 156 155 154 154 154 154 154 155 155 156 156 157 158 159 159 160 160 159 159 159 159 159 159
152 152 153 154 154 154 155 156 156 156 157 157 158 158 158 159 159 159 160 160 160 160 160 161 161 161 161 161 162 161 162 162 162 161 161 160 160 160 160 160 160 159 159 159 159 158 159 159 159 159 159 159 159 159 159 160 160 160 160 161 161 161 161 161 161 160 159 158 157 156 155 154 154 153 153 153 153 154 154 155 155 156 156 157 158 159 159 159 159 158 158 159 158 158
152 152 153 153 154 154 155 155 156 156 156 157 157 158 158 158 158 159 159 159 160 160 160 160 161 161 161 161 161 161 161 161 161 161 161 161 160 160 159 159 159 159 159 158 158 158 158 158 159 159 159 159 159 159 159 159 159 159 159 159 159 160 160 159 159 158 158 157 156 155 154 153 153 153 152 152 153 153 153 154 154 155 156 156 158 159 158 158 158 158 158 158 158 158
151 152 152 153 154 154 154 155 155 156 156 157 157 157 158 158 158 158 158 159 159 159 159 160 160 160 160 160 161 161 161 161 161 161 161 161 160 160 159 159 159 158 158 158 158 158 158 158 158 158 158 158 158 158 158 158 158 158 158 158 158 158 158 158 157 157 156 155 155 154 153 152 152 152 151 151 152 152 152 153 154 154 155 156 157 157 157 158 157 157 158 158 158 158
151 152 152 153 153 154 154 155 155 155 156 156 156 157 157 157 158 158 158 158 158 159 159 159 160 160 160 160 160 160 160 161 161 161 161 160 160 159 159 158 157 157 158 158 157 158 158 158 158 157 157 157 157 157 157 157 157 157 157 157 157 157 157 156 156 155 155 154 153 153 152 151 151 151 150 151 151 151 152 152 153 154 155 155 156 156 157 157 157 157 158 158 158 158
151 152 152 153 153 154 154 154 155 155 155 155 156 156 157 157 157 158 158 158 158 158 159 159 159 160 160 160 159 159 160 160 160 160 160 160 160 159 158 158 157 158 158 157 157 157 157 157 157 157 157 157 157 157 157 157 156 156 156 156 156 156 155 155 155 154 153 153 152 151 151 150 150 149 149 149 150 150 151 152 152 153 154 154 155 155 156 156 157 157 157 157 158 158
151 151 152 152 153 153 154 154 155 155 155 155 156 156 156 157 157 157 157 157 158 158 158 159 159 159 159 159 159 159 159 159 160 160 160 159 159 159 158 158 157 157 157 157 157 157 156 156 156 156 156 156 156 156 156 155 155 155 155 155 155 155 154 154 153 153 152 151 151 150 149 149 148 148 148 148 149 149 150 151 151 152 153 154 154 155 155 156 156 156 157 157 158 158
151 151 152 152 153 153 153 154 154 155 155 155 155 156 156 156 157 157 157 157 157 158 158 158 159 159 159 159 159 159 159 159 159 159 159 159 158 158 158 157 157 157 156 156 156 156 156 156 156 156 156 155 155 155 155 155 155 154 154 154 154 153 153 153 152 151 151 150 149 149 148 147 147 147 147 147 148 148 149 150 151 152 152 153 154 154 155 155 156 156 157 157 157 158
151 151 152 152 152 153 153 154 154 154 155 155 155 155 156 156 156 156 157 157 157 157 158 158 158 158 158 158 158 158 158 158 158 158 158 158 158 157 157 157 157 156 156 156 155 155 155 155 155 155 155 155 154 154 154 154 154 154 154 153 153 153 152 152 151 150 150 149 148 148 147 146 146 145 145 146 147 148 148 149 150 151 152 152 153 153 154 155 156 156 157 157 157 157
151 151 151 152 152 153 153 153 154 154 154 155 155 155 155 155 156 156 156 156 156 157 157 157 158 158 158 158 157 158 158 158 158 158 157 157 157 157 157 156 156 156 156 155 155 155 154 154 154 154 154 154 154 154 154 153 153 153 153 152 152 152 151 151 150 149 149 148 147 147 146 145 144 144 144 145 146 147 148 149 150 150 151 152 152 153 154 155 155 156 156 157 157 157
150 151 151 152 152 153 153 153 154 154 154 154 155 155 155 155 155 156 156 156 156 156 157 157 157 157 157 157 156 156 156 157 157 157 156 156 156 156 156 156 156 155 155 155 155 154 154 154 154 154 154 153 153 153 153 153 152 152 152 151 151 151 150 150 149 148 148 147 147 146 145 144 143 143 143 144 145 146 147 148 149 150 151 151 152 153 154 154 155 155 156 157 157 157
150 151 151 152 152 152 153 153 153 154 154 154 154 154 154 154 154 155 155 155 155 156 156 156 156 157 157 157 156 155 155 156 156 156 156 155 155 155 155 155 155 155 154 154 154 154 154 153 153 153 153 153 153 152 152 152 152 151 151 151 150 150 149 149 148 148 147 146 146 145 145 144 143 143 143 144 145 146 147 148 149 150 150 151 152 153 154 154 155 156 156 157 157 158
150 151 151 151 152 152 152 153 153 153 153 154 154 154 154 153 153 154 155 155 155 155 155 155 154 156 156 156 156 155 155 156 155 155 155 154 154 155 155 154 154 154 154 154 154 153 153 153 153 153 152 152 152 152 151 151 151 151 150 150 150 149 149 148 148 147 147 146 145 145 144 144 143 143 144 144 145 146 147 148 149 150 150 151 152 153 153 154 155 156 156 157 157 158
150 150 151 151 152 152 152 153 153 153 153 153 154 154 154 154 153 153 154 154 154 154 154 154 155 155 155 155 155 155 155 154 154 154 154 154 154 154 154 154 153 153 153 153 153 153 152 152 152 152 152 151 151 151 151 151 150 150 150 150 149 149 148 148 148 147 147 146 145 145 144 144 144 144 144 145 145 146 147 148 149 149 150 151 152 153 154 154 155 156 156 157 157 158
150 150 151 151 151 152 152 152 153 153 153 153 153 153 153 153 153 153 153 153 154 154 154 154 154 154 154 154 155 155 154 154 154 154 154 154 153 153 153 153 153 152 152 152 152 152 152 152 152 151 151 151 151 151 150 150 150 150 150 149 149 149 148 148 147 147 146 146 145 145 144 144 144 144 144 145 146 146 147 148 149 149 150 151 152 153 154 154 155 156 156 157 157 158
150 150 151 151 151 151 152 152 152 153 152 152 152 153 153 153 152 153 152 153 153 153 154 154 154 153 153 154 154 154 153 153 153 153 153 153 153 153 152 152 152 152 152 152 151 151 151 151 151 151 151 151 150 150 150 150 150 149 149 149 149 148 148 147 147 147 146 146 145 145 145 145 144 144 145 145 146 147 147 148 149 150 150 151 152 153 154 154 155 156 156 157 157 158
150 150 150 150 151 151 152 152 152 153 152 152 152 152 152 152 152 152 151 152 152 153 153 153 153 153 153 153 153 153 153 153 152 152 152 152 152 152 152 151 151 151 151 151 150 150 151 151 150 150 150 150 150 150 150 149 149 149 149 148 148 148 148 147 147 146 146 146 145 145 145 145 145 145 145 145 146 147 148 148 149 150 150 151 152 153 154 154 155 156 157 157 157 158
150 150 150 150 151 151 152 152 152 153 152 152 152 152 152 152 152 152 151 151 151 152 152 152 152 152 152 152 152 152 152 152 152 151 151 151 151 151 151 151 151 151 151 150 150 150 150 150 150 150 149 149 149 149 149 149 149 148 148 148 148 148 147 147 147 146 146 146 145 145 145 145 145 145 146 146 146 147 148 149 149 150 151 151 152 153 154 155 155 156 157 157 158 158
150 150 150 151 151 152 152 152 152 152 152 152 152 152 152 152 152 151 151 150 150 151 151 151 152 152 152 151 151 151 151 151 151 151 151 151 150 150 150 150 150 150 150 149 149 149 149 149 149 149 149 149 149 149 149 148 148 148 148 148 147 147 147 147 146 146 146 146 145 145 145 145 145 146 146 146 147 147 148 149 150 150 151 152 153 153 154 155 156 156 157 157 158 158
150 150 151 151 151 152 152 152 152 152 152 152 152 152 152 152 151 151 151 150 150 150 150 150 151 151 151 151 151 150 150 150 150 150 150 150 149 149 149 149 149 149 149 149 149 148 148 148 148 149 149 148 148 148 148 148 148 148 147 147 147 147 147 146 146 146 145 145 145 145 145 146 146 146 146 147 147 148 148 149 150 150 151 152 153 153 154 155 156 157 157 158 158 158
150 150 151 151 151 151 152 152 152 152 152 152 152 152 152 152 151 151 151 151 150 150 150 150 150 150 150 150 150 150 149 149 149 149 149 149 149 149 148 148 148 148 148 148 148 148 148 148 148 148 148 148 148 148 148 148 148 147 147 147 147 147 146 146 146 145 145 145 145 145 145 146 146 146 147 147 147 148 149 149 150 150 151 152 153 154 155 155 156 157 157 158 158 158
150 150 150 151 151 151 152 152 152 152 151 152 151 152 151 151 151 151 150 150 150 150 150 149 149 149 149 149 149 149 148 148 148 148 148 148 148 148 148 148 148 148 148 148 148 148 147 148 148 147 147 148 147 147 147 147 147 147 146 146 146 146 146 146 146 145 145 145 145 145 145 146 146 146 147 147 148 148 149 149 150 151 152 152 153 154 155 156 157 157 158 158 158 158
