MUSICEvapDataQueryTool/BOMEvapData/etapdec.txt
ncols         417
nrows         337
xllcorner     112.15
yllcorner     -43.8
cellsize      0.1
NODATA_value  -9999
[rows 252 to 293 of 337, columns 188 to 281 of 417]
163 163 163 163 163 163 163 163 163 163 163 163 163 163 163 163 163 163 163 163 163 163 163 163 163 163 162 162 162 162 162 162 162 162 162 162 162 161 161 161 161 161 161 161 161 161 161 161 161 161 161 161 161 162 162 162 162 162 162 162 161 160 159 159 159 159 160 160 159 158 156 154 152 145 138 137 139 146 149 149 149 149 148 145 145 145 146 147 148 149 149 150 151 152
162 162 162 163 163 163 163 163 163 163 163 163 163 163 163 163 163 163 163 163 162 162 162 162 162 162 162 162 162 162 162 162 162 162 161 161 161 161 161 161 161 161 161 160 160 160 160 160 161 161 161 161 161 161 161 162 162 162 162 161 160 160 159 155 159 159 159 159 158 156 154 145 141 138 138 141 147 150 150 150 149 147 146 146 146 146 146 147 148 149 150 151 151 152
162 162 162 162 162 162 162 162 162 162 162 162 162 162 162 162 162 162 162 162 162 162 162 162 162 162 162 162 162 162 162 161 161 161 161 161 161 161 161 161 160 160 160 160 160 160 160 160 160 160 160 160 161 161 161 161 161 161 161 157 156 156 153 152 155 157 159 158 156 154 152 150 148 147 147 148 148 149 149 149 149 147 146 146 146 147 146 148 149 150 151 152 152 153
162 162 162 162 162 162 162 162 162 162 162 162 162 162 162 162 162 162 162 162 162 162 162 162 162 162 162 161 161 161 161 161 161 161 161 161 161 160 160 160 160 160 160 160 160 160 160 160 160 160 160 160 160 160 160 160 158 156 156 154 155 154 153 154 154 155 156 155 154 148 144 148 146 146 146 146 147 148 148 148 148 148 146 146 146 147 147 148 149 150 151 152 153 154
162 162 162 162 162 162 162 162 162 162 162 162 162 162 162 162 162 162 162 162 162 162 161 161 161 161 161 161 161 161 161 161 161 161 160 160 160 160 160 160 160 160 160 160 160 159 159 159 159 159 159 159 159 159 159 159 156 155 155 154 152 152 152 152 152 153 154 154 152 147 144 146 145 145 145 145 146 146 147 147 147 147 147 148 146 147 148 148 149 151 152 153 154 154
161 161 161 161 162 162 162 162 162 162 162 162 162 162 162 161 161 161 161 161 161 161 161 161 161 161 161 161 161 161 161 160 160 160 160 160 160 160 160 160 160 159 159 159 159 159 159 159 159 159 159 159 159 159 159 158 158 156 155 155 154 153 153 152 151 151 153 152 151 149 146 145 144 144 144 145 145 146 146 146 147 147 147 147 148 147 148 149 150 151 152 153 154 155
161 161 161 161 161 161 161 161 161 161 161 161 161 161 161 161 161 161 161 161 161 161 161 161 161 161 161 161 160 160 160 160 160 160 160 160 160 160 159 159 159 159 159 159 159 159 159 159 159 158 158 158 158 158 158 158 157 157 156 156 155 155 154 153 153 152 152 151 149 147 146 144 143 143 144 144 144 145 145 146 146 146 147 147 148 148 147 148 149 151 152 153 155 156
161 161 161 161 161 161 161 161 161 161 161 161 161 161 161 161 161 161 161 161 161 161 161 160 160 160 160 160 160 160 160 160 160 160 160 159 159 159 159 159 159 159 159 159 158 158 158 158 158 158 158 158 158 157 157 157 157 156 156 155 154 154 153 152 152 151 150 149 148 147 145 144 143 143 143 144 144 144 145 145 146 146 146 147 147 148 147 148 149 150 151 153 154 156
161 161 161 161 161 161 161 161 161 161 161 161 161 161 161 161 161 161 160 160 160 160 160 160 160 160 160 160 160 160 160 159 159 159 159 159 159 159 159 159 158 158 158 158 158 158 158 158 158 157 157 157 157 157 156 156 156 155 155 154 154 153 152 152 151 150 149 148 147 146 145 144 143 143 143 143 144 144 144 145 145 146 146 146 147 147 148 148 148 149 150 152 153 154
160 160 160 160 160 160 160 160 160 160 160 160 160 160 160 160 160 160 160 160 160 160 160 160 160 160 160 160 159 159 159 159 159 159 159 159 159 158 158 158 158 158 158 158 158 158 157 157 157 157 157 157 156 156 156 155 155 155 154 153 153 152 152 151 150 149 149 148 147 146 145 144 144 143 143 143 143 144 144 144 145 145 145 146 146 147 148 147 148 148 149 150 151 152
160 160 160 160 160 160 160 160 160 160 160 160 160 160 160 160 160 160 160 160 160 160 160 160 159 159 159 159 159 159 159 159 159 159 159 158 158 158 158 158 158 158 158 157 157 157 157 157 157 156 156 156 156 155 155 155 154 154 153 153 152 152 151 150 150 149 148 147 146 145 145 144 144 143 143 143 143 144 144 144 144 145 145 145 146 146 147 147 147 147 148 148 149 150
160 160 160 160 160 160 160 160 160 160 160 160 160 160 160 160 160 160 160 160 159 159 159 159 159 159 159 159 159 159 159 159 158 158 158 158 158 158 158 158 157 157 157 157 157 157 156 156 156 156 156 155 155 155 155 154 154 153 153 152 152 151 150 150 149 148 148 147 146 145 145 144 144 143 143 143 143 143 144 144 144 144 145 145 145 146 146 147 146 146 146 147 147 148
160 160 160 160 160 160 160 160 160 160 160 160 160 160 159 159 159 159 159 159 159 159 159 159 159 159 159 159 158 158 158 158 158 158 158 158 158 157 157 157 157 157 157 157 156 156 156 156 156 155 155 155 155 154 154 154 153 153 152 152 151 150 150 149 149 148 147 146 146 145 145 144 144 143 143 143 143 143 143 143 144 144 144 144 145 145 145 146 146 145 145 145 145 145
159 159 159 159 159 159 159 159 159 159 159 159 159 159 159 159 159 159 159 159 159 159 159 159 159 158 158 158 158 158 158 158 158 158 157 157 157 157 157 157 157 157 156 156 156 156 156 155 155 155 155 154 154 154 153 153 153 152 152 151 151 150 149 149 148 148 147 146 146 145 144 144 144 143 143 143 143 143 143 143 143 144 144 144 144 144 144 145 145 143 143 143 143 143
159 159 159 159 159 159 159 159 159 159 159 159 159 159 159 159 159 159 159 159 159 158 158 158 158 158 158 158 158 158 158 158 157 157 157 157 157 157 157 156 156 156 156 156 156 155 155 155 155 155 154 154 154 153 153 153 152 152 151 151 150 150 149 148 148 147 147 146 145 145 144 144 144 143 143 143 143 143 143 143 143 143 143 143 144 144 144 144 142 142 142 142 141 141
159 159 159 159 159 159 159 159 159 159 159 159 159 159 159 159 159 158 158 158 158 158 158 158 158 158 158 158 158 157 157 157 157 157 157 157 157 156 156 156 156 156 156 155 155 155 155 155 154 154 154 153 153 153 152 152 152 151 151 150 150 149 149 148 148 147 146 146 145 145 144 144 144 143 143 143 143 143 143 143 143 143 143 143 143 143 143 141 141 141 141 140 139 139
159 159 159 159 159 159 159 159 159 159 159 158 158 158 158 158 158 158 158 158 158 158 158 158 158 158 157 157 157 157 157 157 157 157 156 156 156 156 156 156 156 155 155 155 155 155 154 154 154 154 153 153 153 152 152 152 151 151 150 150 149 149 148 148 147 147 146 146 145 145 144 144 144 143 143 143 143 143 143 143 143 143 143 143 143 143 142 141 140 140 140 139 138 137
159 159 158 158 158 158 158 158 158 158 158 158 158 158 158 158 158 158 158 158 158 158 157 157 157 157 157 157 157 157 157 157 156 156 156 156 156 156 156 155 155 155 155 155 154 154 154 154 154 153 153 153 152 152 152 151 151 150 150 150 149 149 148 148 147 147 146 146 145 145 144 144 144 143 143 143 143 143 143 143 143 142 142 142 142 142 142 142 140 139 139 138 137 136
158 158 158 158 158 158 158 158 158 158 158 158 158 158 158 158 158 158 158 157 157 157 157 157 157 157 157 157 157 156 156 156 156 156 156 156 156 155 155 155 155 155 154 154 154 154 154 153 153 153 153 152 152 152 151 151 150 150 150 149 149 148 148 147 147 146 146 145 145 145 144 144 144 143 143 143 143 143 143 143 142 142 142 142 142 142 141 141 139 139 138 137 136 135
158 158 158 158 158 158 158 158 158 158 158 158 158 158 157 157 157 157 157 157 157 157 157 157 157 157 156 156 156 156 156 156 156 156 155 155 155 155 155 155 155 154 154 154 154 153 153 153 153 152 152 152 152 151 151 151 150 150 149 149 148 148 148 147 147 146 146 145 145 145 144 144 144 143 143 143 143 143 143 142 142 142 142 142 142 142 141 141 140 138 138 137 136 135
158 158 158 158 158 158 158 158 158 157 157 157 157 157 157 157 157 157 157 157 157 157 157 156 156 156 156 156 156 156 156 156 155 155 155 155 155 155 155 154 154 154 154 154 153 153 153 153 152 152 152 152 151 151 151 150 150 149 149 149 148 148 147 147 147 146 146 145 145 145 144 144 144 143 143 143 143 143 143 142 142 142 142 142 142 141 141 141 140 140 138 137 136 134
158 158 158 157 157 157 157 157 157 157 157 157 157 157 157 157 157 157 157 157 156 156 156 156 156 156 156 156 156 156 155 155 155 155 155 155 155 154 154 154 154 154 153 153 153 153 153 152 152 152 152 151 151 151 150 150 150 149 149 148 148 148 147 147 146 146 146 145 145 145 144 144 144 143 143 143 143 143 143 142 142 142 142 142 142 141 141 141 140 140 139 137 136 134
157 157 157 157 157 157 157 157 157 157 157 157 157 157 157 157 157 156 156 156 156 156 156 156 156 156 156 155 155 155 155 155 155 155 155 154 154 154 154 154 154 153 153 153 153 152 152 152 152 151 151 151 151 150 150 150 149 149 149 148 148 147 147 147 146 146 146 145 145 145 144 144 144 143 143 143 143 143 143 142 142 142 142 142 142 141 141 141 141 140 140 139 137 135
157 157 157 157 157 157 157 157 157 157 157 157 157 156 156 156 156 156 156 156 156 156 156 156 156 155 155 155 155 155 155 155 155 154 154 154 154 154 154 153 153 153 153 153 152 152 152 152 151 151 151 151 150 150 150 149 149 149 148 148 148 147 147 146 146 146 145 145 145 144 144 144 144 143 143 143 143 143 143 142 142 142 142 142 142 142 141 141 141 141 140 140 140 137
157 157 157 157 157 157 157 157 156 156 156 156 156 156 156 156 156 156 156 156 156 156 155 155 155 155 155 155 155 155 155 154 154 154 154 154 154 153 153 153 153 153 153 152 152 152 152 151 151 151 151 150 150 150 149 149 149 148 148 148 147 147 147 146 146 146 145 145 145 144 144 144 144 144 143 143 143 143 143 143 142 142 142 142 142 142 142 142 141 141 141 141 141 141
157 157 157 156 156 156 156 156 156 156 156 156 156 156 156 156 156 156 156 155 155 155 155 155 155 155 155 155 154 154 154 154 154 154 154 153 153 153 153 153 153 152 152 152 152 152 151 151 151 151 150 150 150 149 149 149 149 148 148 148 147 147 147 146 146 146 145 145 145 144 144 144 144 144 143 143 143 143 143 143 143 142 142 142 142 142 142 142 142 142 142 142 142 143
156 156 156 156 156 156 156 156 156 156 156 156 156 156 156 155 155 155 155 155 155 155 155 155 155 155 154 154 154 154 154 154 154 153 153 153 153 153 153 152 152 152 152 152 151 151 151 151 151 150 150 150 149 149 149 149 148 148 148 147 147 147 146 146 146 146 145 145 145 144 144 144 144 144 143 143 143 143 143 143 143 143 142 142 142 142 142 142 142 142 143 143 143 144
156 156 156 156 156 156 156 156 156 156 156 156 155 155 155 155 155 155 155 155 155 155 155 154 154 154 154 154 154 154 154 153 153 153 153 153 153 153 152 152 152 152 152 151 151 151 151 151 150 150 150 150 149 149 149 148 148 148 147 147 147 147 146 146 146 145 145 145 145 144 144 144 144 144 143 143 143 143 143 143 143 143 143 143 143 143 143 143 143 143 143 144 144 145
156 156 156 156 156 156 156 156 155 155 155 155 155 155 155 155 155 155 155 155 155 154 154 154 154 154 154 154 154 153 153 153 153 153 153 153 152 152 152 152 152 152 151 151 151 151 150 150 150 150 150 149 149 149 148 148 148 148 147 147 147 146 146 146 146 145 145 145 145 144 144 144 144 144 143 143 143 143 143 143 143 143 143 143 143 143 143 143 143 144 144 144 145 146
156 156 156 156 155 155 155 155 155 155 155 155 155 155 155 155 155 155 154 154 154 154 154 154 154 154 154 153 153 153 153 153 153 153 152 152 152 152 152 152 151 151 151 151 151 150 150 150 150 150 149 149 149 149 148 148 148 147 147 147 147 146 146 146 146 145 145 145 145 144 144 144 144 144 144 143 143 143 143 143 143 143 143 143 143 143 143 143 144 144 144 145 145 146
155 155 155 155 155 155 155 155 155 155 155 155 155 155 155 154 154 154 154 154 154 154 154 154 154 153 153 153 153 153 153 153 153 152 152 152 152 152 152 151 151 151 151 151 150 150 150 150 150 149 149 149 149 148 148 148 148 147 147 147 146 146 146 146 145 145 145 145 145 144 144 144 144 144 144 143 143 143 143 143 143 143 143 143 143 143 143 144 144 144 144 145 145 146
155 155 155 155 155 155 155 155 155 155 155 154 154 154 154 154 154 154 154 154 154 154 153 153 153 153 153 153 153 153 153 152 152 152 152 152 152 151 151 151 151 151 151 150 150 150 150 150 149 149 149 149 148 148 148 148 147 147 147 147 146 146 146 146 145 145 145 145 145 144 144 144 144 144 144 143 143 143 143 143 143 143 143 143 143 143 144 144 144 144 145 145 145 146
155 155 155 155 155 155 155 155 154 154 154 154 154 154 154 154 154 154 154 154 153 153 153 153 153 153 153 153 153 152 152 152 152 152 152 152 151 151 151 151 151 150 150 150 150 150 149 149 149 149 149 148 148 148 148 147 147 147 147 146 146 146 146 146 145 145 145 145 144 144 144 144 144 144 144 144 143 143 143 143 143 143 143 143 143 144 144 144 144 144 145 145 145 145
155 155 155 155 155 154 154 154 154 154 154 154 154 154 154 154 154 153 153 153 153 153 153 153 153 153 153 152 152 152 152 152 152 152 151 151 151 151 151 151 150 150 150 150 150 149 149 149 149 149 148 148 148 148 147 147 147 147 147 146 146 146 146 145 145 145 145 145 144 144 144 144 144 144 144 144 143 143 143 143 143 143 143 143 144 144 144 144 144 144 145 145 145 145
155 154 154 154 154 154 154 154 154 154 154 154 154 154 153 153 153 153 153 153 153 153 153 153 152 152 152 152 152 152 152 152 151 151 151 151 151 151 151 150 150 150 150 150 149 149 149 149 149 148 148 148 148 148 147 147 147 147 146 146 146 146 146 145 145 145 145 145 144 144 144 144 144 144 144 144 144 143 143 143 143 143 143 143 144 144 144 144 144 144 144 145 145 145
154 154 154 154 154 154 154 154 154 154 154 154 153 153 153 153 153 153 153 153 153 153 152 152 152 152 152 152 152 152 151 151 151 151 151 151 151 150 150 150 150 150 150 149 149 149 149 149 148 148 148 148 148 147 147 147 147 147 146 146 146 146 145 145 145 145 145 145 144 144 144 144 144 144 144 144 144 143 143 143 143 143 143 144 144 144 144 144 144 144 144 144 144 144
154 154 154 154 154 154 154 154 153 153 153 153 153 153 153 153 153 153 153 153 152 152 152 152 152 152 152 152 151 151 151 151 151 151 151 151 150 150 150 150 150 150 149 149 149 149 149 148 148 148 148 148 147 147 147 147 147 146 146 146 146 146 145 145 145 145 145 144 144 144 144 144 144 144 144 144 144 143 143 143 143 143 143 144 144 144 144 144 144 144 144 144 144 144
154 154 154 154 154 153 153 153 153 153 153 153 153 153 153 153 153 152 152 152 152 152 152 152 152 152 151 151 151 151 151 151 151 151 150 150 150 150 150 150 149 149 149 149 149 149 148 148 148 148 148 147 147 147 147 147 146 146 146 146 146 145 145 145 145 145 145 144 144 144 144 144 144 144 144 144 144 143 143 143 143 143 143 143 144 144 144 144 144 144 144 144 144 144
154 154 153 153 153 153 153 153 153 153 153 153 153 153 153 152 152 152 152 152 152 152 152 152 151 151 151 151 151 151 151 151 150 150 150 150 150 150 150 149 149 149 149 149 149 148 148 148 148 148 147 147 147 147 147 146 146 146 146 146 146 145 145 145 145 145 145 144 144 144 144 144 144 144 144 144 144 143 143 143 143 143 143 143 143 144 144 144 144 144 144 144 144 144
153 153 153 153 153 153 153 153 153 153 153 153 152 152 152 152 152 152 152 152 152 152 151 151 151 151 151 151 151 151 150 150 150 150 150 150 150 149 149 149 149 149 149 149 148 148 148 148 148 147 147 147 147 147 147 146 146 146 146 146 145 145 145 145 145 145 144 144 144 144 144 144 144 144 144 144 143 143 143 143 143 143 143 143 143 143 143 144 144 144 144 144 144 143
153 153 153 153 153 153 153 153 153 152 152 152 152 152 152 152 152 152 152 152 151 151 151 151 151 151 151 151 151 150 150 150 150 150 150 150 149 149 149 149 149 149 148 148 148 148 148 148 147 147 147 147 147 147 146 146 146 146 146 145 145 145 145 145 145 145 144 144 144 144 144 144 144 144 144 144 143 143 143 143 143 143 143 143 143 143 143 143 143 143 143 143 143 143
153 153 153 153 153 153 152 152 152 152 152 152 152 152 152 152 152 152 151 151 151 151 151 151 151 151 151 150 150 150 150 150 150 150 149 149 149 149 149 149 149 148 148 148 148 148 148 147 147 147 147 147 147 146 146 146 146 146 146 145 145 145 145 145 145 144 144 144 144 144 144 144 144 144 144 143 143 143 143 143 143 143 143 143 143 143 143 143 143 143 143 143 143 143
