MUSICEvapDataQueryTool/BOMEvapData/etapjul.txt
ncols         417
nrows         337
xllcorner     112.15
yllcorner     -43.8
cellsize      0.1
NODATA_value  -9999
[rows 55 to 109 of 337, columns 192 to 287 of 417]
107 106 106 105 104 103 102 101 101 100 99 99 98 98 98 97 97 97 97 97 98 98 99 99 100 101 101 102 103 104 104 105 105 106 106 106 106 106 106 106 106 106 106 106 106 105 105 105 104 104 104 103 103 102 102 103 104 105 106 107 107 108 109 110 110 111 112 112 113 113 113 114 114 114 115 115 115 115 115 115 115 115 115 114 114 114 114 114 113 113 113 113 112 112 112 112
107 106 105 104 103 102 102 101 100 99 99 98 98 97 97 96 96 96 96 96 96 97 97 98 99 99 100 101 102 102 103 103 104 104 105 105 105 105 105 105 105 105 105 105 105 105 104 104 104 103 103 103 102 102 102 102 103 104 105 106 107 108 109 109 110 111 111 112 112 113 113 114 114 114 114 114 114 115 115 114 114 114 114 114 114 113 113 113 113 112 112 112 112 111 111 111
106 105 104 104 103 102 101 100 100 99 98 98 97 96 96 95 95 95 95 95 95 95 96 96 97 98 99 100 100 101 102 102 103 103 103 104 104 104 104 104 104 104 104 104 104 104 103 103 103 103 102 102 102 102 102 102 103 104 105 106 107 107 108 109 110 110 111 112 112 112 113 113 114 114 114 114 114 114 114 114 114 114 114 113 113 113 113 112 112 112 112 111 111 111 111 110
106 105 104 103 102 101 101 100 99 98 98 97 96 96 95 95 94 94 93 93 93 94 94 95 96 97 98 98 99 100 100 101 101 102 102 102 103 103 103 103 103 103 103 103 103 103 103 103 102 102 102 102 102 102 102 102 103 104 105 105 106 107 108 109 109 110 111 111 112 112 113 113 113 113 114 114 114 114 114 114 114 113 113 113 113 112 112 112 112 111 111 111 110 110 110 110
105 104 103 102 102 101 100 99 99 98 97 96 96 95 94 94 93 93 92 92 92 92 93 94 95 96 96 97 98 99 99 100 100 101 101 101 102 102 102 102 102 102 102 102 102 102 102 102 102 102 102 101 101 101 102 102 103 104 104 105 106 107 108 108 109 110 110 111 112 112 112 113 113 113 113 113 114 114 113 113 113 113 113 112 112 112 111 111 111 111 110 110 110 109 109 109
104 103 103 102 101 100 100 99 98 97 97 96 95 95 94 93 92 92 91 90 90 91 92 93 94 95 95 96 97 98 98 99 99 100 100 100 101 101 101 101 101 101 101 101 101 102 101 101 101 101 101 101 101 101 102 102 103 103 104 105 106 107 108 108 109 110 110 111 111 112 112 112 113 113 113 113 113 113 113 113 113 112 112 112 112 111 111 111 110 110 110 109 109 109 108 108
104 103 102 101 101 100 99 98 98 97 96 96 95 94 93 93 92 91 90 90 89 90 91 92 93 94 95 95 96 97 97 98 98 99 99 99 100 100 100 100 100 100 101 101 101 101 101 101 101 101 101 101 101 101 102 102 103 103 104 105 106 107 107 108 109 109 110 111 111 111 112 112 112 113 113 113 113 113 113 113 112 112 112 111 111 111 110 110 110 109 109 109 108 108 108 107
103 102 102 101 100 99 99 98 97 96 96 95 94 94 93 92 92 91 90 90 90 90 91 92 92 93 94 95 95 96 96 97 97 98 98 98 99 99 99 99 99 100 100 100 100 100 100 100 100 100 100 101 101 101 101 102 103 103 104 105 106 107 107 108 109 109 110 110 111 111 112 112 112 112 112 112 112 112 112 112 112 112 111 111 110 110 110 109 109 108 108 108 107 107 107 107
102 102 101 100 100 99 98 97 97 96 95 95 94 93 93 92 91 91 90 90 90 90 91 91 92 93 93 94 94 95 95 96 96 97 97 97 98 98 98 98 98 99 99 99 99 99 100 100 100 100 100 100 100 101 101 102 102 103 104 105 106 106 107 108 109 109 110 110 111 111 111 111 112 112 112 112 112 112 112 112 111 111 110 110 110 109 109 108 108 108 107 107 107 106 106 106
102 101 100 100 99 98 98 97 96 96 95 94 94 93 92 92 91 91 91 90 90 90 91 91 92 92 93 93 94 94 95 95 95 96 96 96 97 97 97 97 98 98 98 98 98 99 99 99 99 99 100 100 100 100 101 102 102 103 104 105 105 106 107 108 109 109 110 110 110 111 111 111 111 111 111 111 112 112 112 111 111 110 110 109 109 108 108 108 107 107 106 106 106 106 105 105
101 100 100 99 98 98 97 96 96 95 95 94 93 93 92 92 91 91 91 91 90 91 91 91 92 92 92 93 93 94 94 94 95 95 95 96 96 96 96 97 97 97 97 97 98 98 98 98 98 99 99 99 100 100 101 101 102 103 103 104 105 106 107 108 108 109 110 110 110 111 110 111 111 111 111 111 111 111 111 110 110 109 109 108 108 108 107 107 106 106 106 105 105 105 104 104
100 100 99 99 98 97 97 96 95 95 94 94 93 93 92 92 91 91 91 91 91 91 91 91 91 92 92 92 93 93 93 94 94 94 94 95 95 95 95 96 96 96 96 96 97 97 97 97 98 98 98 99 99 100 100 101 101 102 103 104 105 106 107 108 108 109 109 110 110 110 110 110 110 110 110 110 110 110 110 109 109 108 108 107 107 107 106 106 105 105 105 104 104 104 104 103
100 99 99 98 97 97 96 95 95 94 94 93 93 92 92 92 91 91 91 91 91 91 91 91 91 91 92 92 92 92 93 93 93 93 94 94 94 94 95 95 95 95 95 96 96 96 96 97 97 97 98 98 99 99 100 100 101 102 103 104 104 105 106 107 108 109 109 110 110 110 110 110 110 109 109 109 109 109 109 108 108 107 107 107 106 106 105 105 105 104 104 104 103 103 103 102
99 99 98 97 97 96 95 95 94 94 93 93 92 92 92 92 91 91 91 91 91 91 91 91 91 91 91 91 92 92 92 92 92 93 93 93 93 93 94 94 94 94 95 95 95 95 96 96 96 97 97 97 98 98 99 100 100 101 102 103 104 105 106 107 108 109 109 109 109 109 109 109 109 109 108 108 108 108 108 107 107 106 106 105 105 105 104 104 104 103 103 103 102 102 102 102
98 98 97 97 96 95 95 94 94 93 93 92 92 92 92 91 91 91 91 91 91 91 91 91 91 91 91 91 91 91 91 91 92 92 92 92 92 93 93 93 93 93 94 94 94 94 95 95 95 96 96 97 97 98 98 99 100 101 101 102 103 104 105 106 108 109 109 109 109 108 108 108 108 108 107 107 107 107 106 106 106 105 105 104 104 104 103 103 103 102 102 102 101 101 101 101
98 97 96 96 95 94 94 93 93 93 92 92 92 91 91 91 91 91 91 91 91 91 91 91 91 91 91 91 91 91 91 91 91 91 91 91 92 92 92 92 92 92 93 93 93 94 94 94 95 95 95 96 96 97 98 98 99 100 101 102 102 103 104 106 107 108 108 108 108 107 107 107 107 106 106 106 106 105 105 105 104 104 104 103 103 102 102 102 101 101 101 101 100 100 100 100
97 96 95 95 94 94 93 93 92 92 92 91 91 91 91 91 91 91 91 91 92 91 91 91 90 90 90 90 90 90 90 90 90 90 90 91 91 91 91 91 91 92 92 92 92 93 93 93 94 94 94 95 95 96 97 97 98 99 100 101 101 102 104 105 106 107 107 107 107 106 106 106 105 105 105 105 104 104 104 103 103 103 102 102 102 101 101 101 100 100 100 100 99 99 99 99
96 95 94 94 93 93 92 92 91 91 91 91 90 90 90 90 90 91 91 91 91 91 91 90 90 90 90 89 89 89 89 89 89 89 90 90 90 90 90 90 90 91 91 91 91 92 92 92 93 93 93 94 94 95 96 96 97 98 99 99 100 101 102 103 104 105 105 105 105 105 105 104 104 104 104 103 103 103 102 102 102 102 101 101 100 100 100 100 99 99 99 98 98 98 98 98
94 94 93 93 92 92 91 91 91 90 90 90 90 90 90 90 90 90 90 90 91 90 90 90 89 89 89 89 89 89 89 89 89 89 89 89 89 89 89 89 89 90 90 90 90 91 91 91 92 92 92 93 93 94 95 95 96 97 97 98 99 100 101 102 102 103 103 103 103 103 103 103 103 102 102 102 102 101 101 101 100 100 100 100 99 99 99 98 98 98 98 97 97 97 97 97
93 92 92 91 91 91 90 90 90 89 89 89 89 89 89 89 89 89 89 90 90 89 89 89 89 88 88 88 88 88 88 88 88 88 88 88 88 88 88 88 89 89 89 89 89 90 90 90 91 91 91 92 92 93 94 94 95 96 96 97 98 98 99 100 101 101 101 102 102 102 101 101 101 101 101 100 100 100 100 99 99 99 99 98 98 98 97 97 97 97 97 96 96 96 96 96
91 90 90 90 90 89 89 89 89 88 88 88 88 88 88 88 88 88 89 89 89 89 88 88 88 88 88 87 87 87 87 87 87 87 87 87 87 87 87 87 88 88 88 88 88 89 89 89 90 90 90 91 91 92 92 93 94 94 95 96 96 97 98 98 99 99 100 100 100 100 100 100 99 99 99 99 99 98 98 98 98 97 97 97 97 96 96 96 96 96 95 95 95 95 95 95
89 89 89 88 88 88 88 88 88 87 87 87 87 87 87 87 87 88 88 88 88 88 87 87 87 87 87 87 86 86 86 86 86 86 86 86 86 86 86 86 87 87 87 87 87 87 88 88 88 89 89 90 90 91 91 92 92 93 94 94 95 95 96 97 97 97 98 98 98 98 98 98 98 98 97 97 97 97 97 96 96 96 96 96 95 95 95 95 95 94 94 94 94 94 94 94
87 87 87 87 87 87 87 87 87 86 86 86 86 86 86 86 87 87 87 87 87 87 86 86 86 86 86 86 86 85 85 85 85 85 85 85 85 85 85 85 86 86 86 86 86 86 87 87 87 88 88 88 89 89 90 90 91 92 92 93 93 94 94 95 95 96 96 96 96 96 96 96 96 96 96 96 95 95 95 95 95 94 94 94 94 94 94 93 93 93 93 93 93 93 93 92
85 85 86 86 86 86 85 85 85 85 85 85 85 85 85 86 86 86 86 86 86 86 86 85 85 85 85 85 85 85 85 84 84 84 84 84 84 84 84 84 85 85 85 85 85 85 86 86 86 86 87 87 88 88 89 89 90 90 91 91 92 92 93 93 93 94 94 94 94 94 94 94 94 94 94 94 94 94 93 93 93 93 93 93 93 92 92 92 92 92 92 92 92 91 91 91
84 84 84 84 84 84 84 84 84 84 84 84 84 84 85 85 85 85 85 85 85 85 85 84 84 84 84 84 84 84 84 84 83 83 83 83 83 83 83 83 83 84 84 84 84 84 84 85 85 85 86 86 86 87 87 88 88 89 89 90 90 90 91 91 92 92 92 92 92 92 92 92 92 92 92 92 92 92 92 92 92 91 91 91 91 91 91 91 91 91 91 90 90 90 90 90
82 82 82 83 83 83 83 83 83 83 83 83 83 83 84 84 84 84 84 84 84 84 84 84 83 83 83 83 83 83 83 83 83 83 82 82 82 82 82 82 82 83 83 83 83 83 83 83 84 84 84 85 85 86 86 86 87 87 88 88 88 89 89 89 90 90 90 90 90 90 91 91 91 90 90 90 90 90 90 90 90 90 90 90 90 90 90 89 89 89 89 89 89 89 89 89
80 81 81 81 81 82 82 82 82 82 82 82 82 82 83 83 83 83 83 83 83 83 83 83 82 82 82 82 82 82 82 82 82 82 82 81 81 81 81 81 81 81 81 82 82 82 82 82 82 83 83 83 84 84 85 85 85 86 86 86 87 87 87 88 88 88 88 88 89 89 89 89 89 89 89 89 89 89 89 89 88 88 88 88 88 88 88 88 88 88 88 88 88 88 88 88
79 79 80 80 80 80 81 81 81 81 81 81 81 81 82 82 82 82 82 82 82 82 82 82 82 81 81 81 81 81 81 81 81 81 81 81 80 80 80 80 80 80 80 80 80 81 81 81 81 82 82 82 83 83 83 84 84 84 85 85 85 85 86 86 86 86 86 87 87 87 87 87 87 87 87 87 87 87 87 87 87 87 87 87 87 87 87 87 87 87 87 87 87 87 87 87
78 78 78 79 79 79 79 80 80 80 80 80 80 80 81 81 81 81 81 81 81 81 81 81 81 81 80 80 80 80 80 80 80 80 80 80 80 79 79 79 79 79 79 79 79 79 80 80 80 80 81 81 81 82 82 82 83 83 83 83 84 84 84 84 84 84 85 85 85 85 85 85 85 85 85 85 85 85 85 85 85 85 85 85 85 85 85 85 85 85 85 85 86 86 86 86
76 77 77 77 78 78 78 79 79 79 79 79 79 79 80 80 80 80 80 80 80 80 80 80 80 80 80 79 79 79 79 79 79 79 79 79 79 79 78 78 78 78 78 78 78 78 78 79 79 79 79 80 80 80 81 81 81 81 82 82 82 82 82 82 83 83 83 83 83 83 83 83 83 83 83 83 84 84 84 84 84 84 84 84 84 84 84 84 84 84 84 84 84 84 84 84
75 76 76 76 77 77 77 77 78 78 78 78 78 78 79 79 79 79 79 79 79 79 79 79 79 79 79 79 78 78 78 78 78 78 78 78 78 78 77 77 77 77 77 77 77 77 77 77 78 78 78 78 79 79 79 79 80 80 80 80 80 81 81 81 81 81 81 81 81 81 81 81 81 81 82 82 82 82 82 82 82 82 82 82 82 83 83 83 83 83 83 83 83 83 83 83
74 74 75 75 76 76 76 76 77 77 77 77 77 77 78 78 78 78 78 78 78 78 78 78 78 78 78 78 77 77 77 77 77 77 77 77 77 77 77 76 76 76 76 76 76 76 76 76 77 77 77 77 77 78 78 78 78 78 79 79 79 79 79 79 79 79 79 79 79 79 79 79 80 80 80 80 80 80 80 81 81 81 81 81 81 81 81 81 81 82 82 82 82 82 82 82
73 73 74 74 75 75 75 75 76 76 76 76 76 77 77 77 77 77 77 77 77 77 77 77 77 77 77 77 77 77 76 76 76 76 76 76 76 76 76 76 75 75 75 75 75 75 75 75 75 76 76 76 76 76 77 77 77 77 77 77 77 77 77 77 77 77 77 77 77 77 77 78 78 78 78 78 78 79 79 79 79 79 79 80 80 80 80 80 80 80 80 80 81 81 81 81
72 72 73 73 74 74 74 74 75 75 75 75 75 76 76 76 76 76 76 76 76 76 76 76 76 76 76 76 76 76 76 75 75 75 75 75 75 75 75 75 74 74 74 74 74 74 74 74 74 75 75 75 75 75 75 76 76 76 76 76 76 76 76 76 76 75 75 75 75 75 76 76 76 76 76 77 77 77 77 78 78 78 78 78 78 78 79 79 79 79 79 79 79 80 80 80
71 72 72 72 73 73 73 73 74 74 74 74 75 75 75 75 75 75 75 75 75 75 75 75 75 75 75 75 75 75 75 75 75 74 74 74 74 74 74 74 74 73 73 73 73 73 73 73 73 73 74 74 74 74 74 74 74 74 74 74 74 74 74 74 74 74 74 74 74 74 74 74 74 74 75 75 75 76 76 76 76 76 77 77 77 77 77 77 77 78 78 78 78 78 78 79
70 71 71 71 72 72 72 73 73 73 73 74 74 74 74 74 74 74 74 74 74 74 74 74 74 74 74 74 74 74 74 74 74 73 73 73 73 73 73 73 73 73 72 72 72 72 72 72 72 72 72 73 73 73 73 73 73 73 73 73 73 73 73 72 72 72 72 72 72 72 72 72 72 73 73 73 74 74 74 75 75 75 75 75 76 76 76 76 76 76 77 77 77 77 77 78
70 70 70 71 71 71 71 72 72 72 72 73 73 73 73 73 73 73 74 74 74 74 74 74 74 73 73 73 73 73 73 73 73 73 73 72 72 72 72 72 72 72 72 71 71 71 71 71 71 71 71 71 72 72 72 72 72 72 72 72 72 71 71 71 71 70 70 70 70 70 70 70 71 71 71 72 72 73 73 73 74 74 74 74 74 74 75 75 75 75 75 76 76 76 76 76
69 69 69 70 70 70 71 71 71 71 72 72 72 72 72 72 73 73 73 73 73 73 73 73 73 73 73 72 72 72 72 72 72 72 72 72 71 71 71 71 71 71 71 71 70 70 70 70 70 70 70 70 70 71 71 71 71 71 71 71 70 70 70 69 69 68 68 68 68 68 68 68 69 69 70 70 71 71 72 72 72 72 73 73 73 73 73 73 74 74 74 74 75 75 75 75
68 68 69 69 69 70 70 70 70 71 71 71 71 71 72 72 72 72 72 72 72 72 72 72 72 72 72 72 72 72 71 71 71 71 71 71 71 71 70 70 70 70 70 70 70 69 69 69 69 69 69 69 69 70 70 70 70 70 70 70 69 69 68 68 67 67 66 66 66 66 66 67 67 68 68 69 69 70 70 71 71 71 71 72 72 72 72 72 72 73 73 73 73 74 74 74
67 68 68 68 69 69 69 69 70 70 70 70 70 71 71 71 71 71 71 71 71 71 71 71 71 71 71 71 71 71 71 71 70 70 70 70 70 70 70 69 69 69 69 69 69 68 68 68 68 68 68 68 68 68 69 69 69 69 69 69 68 68 67 67 66 65 64 64 64 64 65 65 66 66 67 67 68 69 69 69 70 70 70 70 71 71 71 71 71 71 72 72 72 72 73 73
67 67 67 68 68 68 69 69 69 69 69 70 70 70 70 70 70 70 70 70 70 70 70 70 70 70 70 70 70 70 70 70 70 70 69 69 69 69 69 69 69 68 68 68 68 68 67 67 67 67 67 67 67 67 68 68 68 68 68 68 67 67 66 65 64 63 63 62 62 62 63 64 64 65 66 66 67 67 68 68 69 69 69 69 70 70 70 70 70 70 70 71 71 71 72 72
66 66 67 67 67 68 68 68 68 69 69 69 69 69 69 69 70 70 70 70 70 70 70 70 70 70 70 70 69 69 69 69 69 69 69 69 68 68 68 68 68 68 67 67 67 67 67 66 66 66 66 66 66 67 67 67 67 67 67 67 67 66 65 64 63 62 61 60 60 61 61 62 63 64 64 65 66 66 67 67 68 68 68 68 69 69 69 69 69 69 69 69 70 70 70 71
65 66 66 66 67 67 67 67 68 68 68 68 68 69 69 69 69 69 69 69 69 69 69 69 69 69 69 69 69 69 69 69 68 68 68 68 68 68 67 67 67 67 67 66 66 66 66 66 65 65 65 65 66 66 66 66 66 66 66 66 66 66 65 63 62 61 59 58 58 59 60 61 62 63 63 64 65 65 66 66 67 67 67 67 67 67 68 68 68 68 68 68 68 69 69 70
65 65 66 66 66 66 67 67 67 67 67 68 68 68 68 68 68 68 68 68 69 69 69 68 68 68 68 68 68 68 68 68 68 68 67 67 67 67 67 67 66 66 66 66 65 65 65 65 65 64 64 65 65 65 65 65 65 65 65 66 66 65 64 63 61 60 58 57 58 58 59 60 61 62 62 63 64 64 65 66 66 66 66 66 66 66 66 66 66 67 67 67 67 68 68 69
64 65 65 65 66 66 66 66 67 67 67 67 67 67 67 68 68 68 68 68 68 68 68 68 68 68 68 68 68 68 67 67 67 67 67 67 66 66 66 66 66 65 65 65 65 65 64 64 64 64 64 64 64 64 64 64 64 64 64 65 65 64 63 62 60 59 58 57 57 58 58 59 60 61 61 62 63 64 64 65 65 66 66 66 66 66 65 65 65 65 65 66 66 66 67 67
64 64 65 65 65 65 66 66 66 66 66 67 67 67 67 67 67 67 67 67 67 67 67 67 67 67 67 67 67 67 67 67 67 66 66 66 66 66 65 65 65 65 65 64 64 64 64 63 63 63 63 63 63 63 63 63 63 63 63 63 63 63 62 61 60 59 58 57 57 57 58 59 59 60 61 62 62 63 64 64 65 65 65 65 65 65 65 64 64 64 64 64 65 65 66 66
64 64 64 64 65 65 65 65 66 66 66 66 66 66 66 66 67 67 67 67 67 67 67 67 67 67 67 67 66 66 66 66 66 66 66 65 65 65 65 65 64 64 64 64 63 63 63 63 63 63 63 62 62 62 62 63 62 62 62 62 62 62 61 60 59 58 58 57 57 57 58 58 59 59 60 61 62 62 63 64 64 64 65 64 64 64 64 63 63 63 63 63 63 64 65 65
63 64 64 64 64 64 65 65 65 65 65 66 66 66 66 66 66 66 66 66 66 66 66 66 66 66 66 66 66 66 66 66 66 65 65 65 65 64 64 64 64 64 63 63 63 63 62 62 62 62 62 62 62 62 62 62 62 62 61 61 61 60 60 59 58 58 57 57 57 57 57 58 58 59 60 60 61 62 63 63 64 64 64 64 64 64 63 63 62 62 62 62 62 63 63 64
63 63 63 64 64 64 64 64 65 65 65 65 65 65 65 66 66 66 66 66 66 66 66 66 66 66 66 66 66 65 65 65 65 65 65 64 64 64 64 64 63 63 63 63 62 62 62 62 62 61 61 61 61 61 61 61 61 61 60 60 60 59 59 58 58 57 57 56 56 57 57 57 58 58 59 60 61 62 62 63 63 64 64 63 63 63 62 62 61 61 60 60 61 61 62 63
63 63 63 63 63 64 64 64 64 64 65 65 65 65 65 65 65 65 65 65 65 65 65 65 65 65 65 65 65 65 65 65 65 64 64 64 64 63 63 63 63 63 62 62 62 62 61 61 61 61 61 61 60 60 60 60 60 60 59 59 59 58 58 58 57 57 56 56 56 56 56 57 57 58 59 59 60 61 62 63 63 64 63 63 63 62 62 61 60 60 59 59 59 60 61 62
62 62 63 63 63 63 63 64 64 64 64 64 64 64 65 65 65 65 65 65 65 65 65 65 65 65 65 65 64 64 64 64 64 64 64 63 63 63 63 62 62 62 62 61 61 61 61 61 60 60 60 60 60 60 59 59 59 59 59 58 58 58 57 57 56 56 56 56 56 56 56 56 57 57 58 59 60 60 61 62 63 63 63 63 62 62 61 60 60 59 58 58 59 60 61 61
62 62 62 63 63 63 63 63 63 64 64 64 64 64 64 64 64 64 64 64 64 64 64 64 64 64 64 64 64 64 64 64 64 63 63 63 63 62 62 62 62 62 61 61 61 60 60 60 60 60 59 59 59 59 59 59 58 58 58 58 57 57 56 56 56 55 55 55 55 55 55 56 56 57 57 58 59 60 61 62 62 63 63 62 62 61 61 60 60 59 58 58 59 59 60 61
62 62 62 62 63 63 63 63 63 63 63 63 64 64 64 64 64 64 64 64 64 64 64 64 64 64 64 64 64 64 63 63 63 63 63 62 62 62 62 62 61 61 61 60 60 60 60 59 59 59 59 59 58 58 58 58 58 57 57 57 56 56 56 55 55 55 55 54 54 55 55 55 56 56 57 58 58 59 60 61 61 62 62 61 61 61 60 60 59 59 58 58 59 59 60 60
61 62 62 62 62 62 63 63 63 63 63 63 63 63 63 63 63 63 63 63 63 63 63 63 63 63 63 63 63 63 63 63 63 62 62 62 62 62 61 61 61 60 60 60 60 59 59 59 59 59 58 58 58 58 57 57 57 57 56 56 56 55 55 55 54 54 54 54 54 54 54 55 55 56 56 57 58 58 59 60 61 61 61 61 60 60 59 59 59 58 58 58 59 59 59 60
61 61 62 62 62 62 62 62 63 63 63 63 63 63 63 63 63 63 63 63 63 63 63 63 63 63 63 63 63 63 62 62 62 62 62 62 61 61 61 60 60 60 60 59 59 59 59 58 58 58 58 58 57 57 57 57 56 56 56 55 55 55 54 54 54 54 53 53 53 53 54 54 54 55 56 56 57 58 58 59 60 60 60 60 60 59 59 59 58 58 58 58 59 59 59 60
