MUSICEvapDataQueryTool/BOMEvapData/etapfeb.txt
ncols         417
nrows         337
xllcorner     112.15
yllcorner     -43.8
cellsize      0.1
NODATA_value  -9999
[rows 42 to 83 of 337, columns 188 to 281 of 417]
159 160 161 162 162 163 163 164 164 164 164 165 166 166 165 165 165 164 164 164 165 165 164 165 165 166 166 166 166 166 167 167 167 167 167 167 167 167 167 168 168 168 169 169 169 169 170 170 171 171 171 171 171 171 172 172 172 172 172 172 172 173 173 173 173 173 173 173 173 173 173 173 173 173 172 172 172 172 172 172 171 171 171 170 170 169 169 169 168 167 167 166 166 165
160 161 162 162 162 163 163 164 164 164 165 166 165 166 165 165 165 165 165 164 165 165 165 165 165 165 166 166 166 166 167 167 167 168 167 168 168 168 168 168 168 169 169 169 169 169 171 171 171 171 171 172 172 172 172 172 173 173 173 173 173 173 173 173 173 173 173 173 173 173 173 173 173 173 173 173 173 173 173 172 172 172 171 171 171 170 170 169 169 168 168 167 166 166
162 162 162 162 163 163 164 164 165 165 165 165 165 165 165 165 165 165 165 165 165 165 165 165 165 165 165 166 166 167 167 167 167 167 168 168 168 168 168 168 168 169 169 169 169 170 171 171 171 172 172 172 172 172 173 173 173 173 173 174 174 174 174 174 174 174 174 174 174 174 174 174 174 174 174 174 174 173 173 173 173 172 172 172 171 171 171 170 170 169 168 168 167 166
163 163 163 163 164 164 164 165 165 165 165 166 166 165 165 165 164 164 165 165 165 165 165 165 165 165 165 166 165 166 167 167 167 167 168 168 169 168 168 169 169 169 169 170 171 171 171 172 172 172 172 172 173 173 173 173 174 174 174 174 174 174 174 175 175 175 175 175 175 175 175 175 175 175 175 174 174 174 174 174 174 173 173 173 172 172 171 171 170 170 169 169 168 167
163 163 163 164 164 165 164 164 165 165 165 165 166 165 165 165 164 164 164 164 165 164 165 165 165 165 165 165 166 166 166 166 166 167 167 168 168 169 168 169 169 169 169 170 171 171 172 170 172 172 173 173 173 173 174 174 174 174 175 175 175 175 175 175 175 175 175 175 175 175 175 175 175 175 175 175 175 175 175 175 174 174 174 173 173 173 172 172 171 170 170 169 169 168
164 164 164 164 164 165 165 164 165 165 164 164 165 165 165 165 165 164 164 164 164 164 165 165 164 165 165 165 165 165 166 166 167 167 168 167 168 168 168 168 169 169 170 170 170 172 172 172 172 173 173 173 174 174 174 174 175 175 175 175 175 176 176 176 176 176 176 176 176 176 176 176 176 176 176 176 176 176 176 175 175 175 175 174 174 173 173 172 172 171 171 170 169 169
165 164 165 165 165 165 165 165 165 164 164 164 164 165 165 164 164 164 164 164 164 164 164 164 164 164 165 164 165 165 165 166 166 167 167 167 168 168 168 168 169 169 170 170 170 171 171 172 173 173 173 174 174 174 175 175 175 175 176 176 176 176 176 176 176 176 176 177 177 177 177 177 177 177 177 177 177 176 176 176 176 176 175 175 175 174 174 173 173 172 171 171 170 169
165 165 165 165 165 166 165 165 165 165 164 164 164 165 164 164 164 164 164 164 164 163 164 163 164 164 164 164 164 165 165 166 166 166 167 167 167 168 168 168 169 169 169 170 170 171 172 171 173 173 174 174 174 175 175 175 176 176 176 176 176 177 177 177 177 177 177 177 177 177 177 177 177 177 177 177 177 177 177 177 177 176 176 176 175 175 175 174 173 173 172 172 171 170
166 166 165 165 165 166 165 165 165 165 165 165 165 164 164 164 164 163 163 163 163 163 163 163 163 163 163 163 163 165 165 165 165 165 166 166 167 167 168 168 169 169 169 170 170 171 171 171 172 172 174 174 175 175 175 176 176 176 177 177 177 177 177 177 177 177 177 178 178 178 178 178 178 178 178 178 178 178 178 178 178 177 177 177 176 176 175 175 174 174 173 172 172 171
167 167 166 166 166 166 165 165 165 165 165 165 164 164 164 164 163 163 163 163 163 163 162 162 163 163 163 163 163 163 164 165 165 165 166 165 166 167 168 168 169 169 169 170 170 171 171 171 172 172 173 175 175 175 176 176 176 177 177 177 177 178 178 178 178 178 178 178 178 178 178 178 178 179 179 179 179 179 179 178 178 178 178 178 177 177 176 176 175 174 174 173 172 172
169 168 167 166 166 166 165 165 165 165 165 164 164 164 164 163 163 163 163 162 162 162 162 162 162 162 162 162 162 163 164 164 164 164 165 165 166 166 167 167 168 169 169 170 170 170 171 170 172 172 173 174 174 176 176 176 177 177 177 178 178 178 178 178 178 178 178 178 179 179 179 179 179 179 179 179 179 179 179 179 179 179 179 178 178 178 177 177 176 175 175 174 173 172
169 169 168 167 166 166 165 165 165 165 164 164 164 164 163 163 163 162 162 162 161 162 161 161 161 161 162 162 162 162 163 163 163 164 164 165 165 166 166 167 168 168 168 170 170 170 171 171 172 173 173 174 174 176 176 176 176 178 177 178 178 178 178 178 178 179 179 179 179 179 179 179 179 180 180 180 180 180 180 180 180 180 180 179 179 178 178 177 177 176 175 175 174 173
168 169 169 167 168 167 166 165 165 165 164 164 164 163 163 163 162 162 162 161 161 161 161 161 161 161 161 161 161 161 162 163 163 163 164 164 164 165 166 167 168 168 169 169 169 169 170 171 172 172 173 174 174 175 175 176 178 177 177 178 177 179 179 179 179 179 179 179 179 179 180 180 180 180 180 181 181 181 181 181 181 181 180 180 180 179 179 178 178 177 176 175 175 174
169 169 168 168 168 167 166 165 165 165 164 164 163 163 163 162 162 161 161 161 161 160 160 160 160 160 160 160 160 161 162 162 162 162 163 164 164 165 166 166 167 168 168 169 169 169 170 171 171 172 173 174 174 175 175 176 177 177 178 179 177 179 179 179 179 179 179 179 179 180 180 180 180 181 181 181 181 181 182 182 182 182 181 181 181 180 180 179 178 178 177 176 175 175
169 169 169 168 167 167 167 166 165 164 164 163 163 163 162 162 161 161 161 160 160 160 160 159 159 160 160 160 160 160 161 162 162 162 162 163 164 164 165 166 167 167 168 169 169 170 169 170 171 172 173 174 174 175 176 176 177 178 178 179 179 179 179 179 179 179 179 179 180 180 180 180 181 181 181 182 182 182 182 182 182 182 182 182 182 181 181 180 179 178 178 177 176 175
169 168 168 168 167 167 166 166 165 164 164 163 163 162 162 161 161 161 160 160 160 159 159 159 159 159 159 159 159 160 161 161 161 161 162 163 163 164 165 166 166 166 167 168 169 169 169 169 171 172 173 174 174 175 175 176 176 177 177 177 177 178 179 179 179 179 179 179 180 180 180 181 181 181 182 182 182 183 183 183 183 183 183 183 182 182 181 181 180 179 178 178 177 176
169 168 168 167 167 167 167 166 165 164 163 163 162 162 161 161 160 160 160 159 159 159 158 158 158 158 158 158 159 159 160 160 161 161 161 162 163 163 164 164 165 166 167 168 169 169 169 169 171 172 173 173 174 175 175 176 176 176 177 177 177 177 177 179 179 179 179 179 180 180 180 181 181 182 182 183 183 183 184 184 184 184 184 184 183 183 182 181 181 180 179 178 177 176
169 168 170 169 168 167 167 166 165 164 163 163 162 162 161 161 160 159 159 159 158 158 158 157 157 157 157 157 158 159 159 159 160 160 161 161 162 163 164 164 164 165 167 167 168 169 168 169 171 172 173 173 174 174 175 175 176 176 176 176 177 177 177 177 177 178 179 179 180 180 180 181 181 182 182 183 183 184 184 185 185 185 185 185 184 184 183 182 181 181 180 179 178 177
170 169 169 169 168 167 166 165 165 164 163 162 162 161 160 160 159 159 159 158 158 157 157 157 156 156 157 157 158 158 158 159 159 160 160 161 162 162 163 163 164 165 166 167 167 168 169 170 171 171 172 173 174 174 174 175 175 175 176 176 176 176 177 177 177 177 178 179 179 180 180 181 181 182 183 183 184 184 185 185 186 186 186 186 185 185 184 183 182 181 180 179 178 178
170 170 169 168 168 167 166 165 164 164 163 162 161 161 160 159 159 159 158 158 157 157 156 156 156 156 156 157 157 157 158 158 159 159 160 160 161 162 162 163 164 165 165 166 167 168 168 169 170 170 172 173 173 173 174 174 174 175 175 175 176 176 176 176 176 177 177 178 179 180 180 181 181 182 183 184 184 185 186 186 187 187 187 186 186 185 184 184 183 182 181 180 179 178
170 169 169 168 167 166 166 165 164 164 163 162 161 160 160 159 159 158 158 157 157 156 156 156 155 156 156 156 156 157 157 157 158 158 159 160 160 161 162 162 163 164 165 165 166 167 168 168 170 170 172 173 172 172 173 173 174 174 174 174 175 175 175 175 175 176 177 177 178 179 180 181 181 182 183 184 184 185 186 187 187 188 188 186 186 185 184 183 183 182 181 180 179 178
170 169 168 167 166 166 166 165 164 163 162 161 160 160 159 159 158 158 157 157 157 156 156 155 155 156 156 156 156 157 157 157 158 158 159 159 160 160 161 162 163 163 164 165 166 167 168 168 169 170 171 171 172 171 172 173 173 173 173 174 174 174 174 175 175 175 176 176 177 178 179 180 181 182 183 184 185 185 186 187 188 189 188 187 186 186 186 185 184 183 182 181 180 179
169 169 168 167 166 166 165 164 164 163 162 161 160 160 159 159 158 158 157 157 157 156 156 156 156 156 156 156 156 157 157 157 158 158 158 159 160 160 161 161 162 163 163 164 165 166 167 168 168 170 170 170 171 170 171 172 172 172 173 173 173 173 173 174 174 175 175 176 176 177 178 179 181 182 183 184 184 185 187 188 188 189 189 188 187 187 186 185 184 183 182 181 180 179
168 168 168 167 167 166 164 164 163 162 161 161 160 160 159 159 158 158 157 157 157 156 156 156 156 155 155 156 156 156 157 157 157 158 158 159 159 160 160 160 161 162 162 163 164 165 166 167 167 168 169 169 170 169 170 171 171 171 171 172 172 172 172 173 174 174 174 175 176 177 177 178 179 180 182 183 184 185 186 187 188 189 189 189 188 187 186 185 184 183 182 181 180 179
167 167 167 166 166 165 164 163 162 162 161 161 160 159 159 159 158 158 157 157 156 156 156 156 155 155 155 155 156 156 157 157 157 157 158 158 159 159 160 160 161 161 162 163 163 164 165 166 166 167 168 168 168 168 169 169 170 170 171 171 171 171 172 172 172 173 173 173 175 176 177 178 179 180 181 182 183 184 185 187 188 188 189 188 188 187 186 185 184 183 182 181 180 179
166 167 167 166 165 164 163 163 162 161 161 160 160 159 159 158 158 157 157 156 156 156 156 156 155 155 155 155 156 156 156 157 157 157 158 158 158 159 159 159 160 160 161 162 163 164 164 164 165 166 167 167 167 168 167 168 168 169 170 170 170 170 171 172 171 172 172 172 173 175 176 177 178 179 180 181 182 183 184 185 186 188 188 188 187 186 186 185 184 183 182 181 180 179
166 166 166 165 165 164 163 163 162 161 161 160 160 159 159 158 158 157 157 156 156 156 156 155 155 155 155 155 156 156 156 157 157 157 157 157 158 158 159 159 159 159 160 161 161 163 163 163 163 165 165 166 166 166 166 167 167 168 168 169 169 169 170 170 171 171 171 171 172 174 175 176 177 178 179 180 182 183 184 185 185 186 186 187 186 185 185 184 184 183 182 181 180 179
165 165 165 165 164 163 162 162 162 161 160 160 159 159 158 158 158 157 157 156 156 156 156 155 155 155 155 155 156 156 156 156 157 157 157 157 158 158 158 158 159 159 159 160 161 161 162 162 163 163 164 164 165 165 165 166 166 167 167 167 168 168 169 169 170 170 170 171 172 173 174 175 176 177 179 180 181 182 183 184 184 185 186 186 186 185 184 184 183 183 182 181 180 179
165 164 164 164 164 163 162 161 161 160 160 159 159 159 158 158 157 157 157 156 156 156 155 155 155 155 155 155 155 156 156 156 156 157 157 157 157 157 158 158 158 158 159 159 159 160 160 161 161 162 162 163 163 164 164 164 165 165 166 166 167 167 168 169 169 169 169 171 172 172 172 174 175 177 178 179 180 181 182 183 183 184 185 185 185 185 184 184 183 182 182 181 180 179
164 164 163 163 163 162 162 161 160 160 160 159 159 158 158 158 157 157 157 156 156 156 155 155 155 155 155 155 155 155 156 156 156 156 157 157 157 157 157 157 158 158 158 158 158 158 159 159 160 161 161 162 162 162 163 163 164 164 165 165 166 166 167 167 168 169 169 170 171 171 172 173 175 176 177 178 179 180 181 182 182 183 183 184 184 184 184 183 183 182 181 181 180 179
162 163 163 163 162 162 161 161 160 160 159 159 159 158 158 157 157 157 156 156 156 156 155 155 155 155 155 155 155 155 155 156 156 156 156 156 157 157 157 157 157 157 158 158 158 158 158 159 160 160 160 161 161 161 162 162 163 163 164 164 165 165 166 166 167 168 168 169 170 171 172 173 173 175 177 178 179 180 180 181 182 182 182 182 182 182 183 183 182 182 181 180 180 179
162 162 162 162 161 161 161 160 160 159 159 159 158 158 158 157 157 157 156 156 156 156 155 155 155 155 155 155 155 155 155 155 156 156 156 156 156 156 157 157 157 157 157 157 157 158 158 158 159 159 160 160 160 161 161 161 162 162 163 163 164 165 165 165 166 167 167 168 169 170 171 172 174 175 176 177 178 179 180 180 181 181 182 182 182 182 181 181 181 181 181 180 179 179
160 161 161 161 160 160 160 160 159 159 159 159 158 158 157 157 157 157 156 156 156 156 155 155 155 155 155 155 155 155 155 155 156 156 155 155 156 156 156 156 156 156 156 157 157 157 157 158 158 158 159 159 159 159 160 160 161 162 162 163 164 164 164 165 166 166 167 167 168 169 171 172 173 174 175 176 177 178 179 180 180 181 181 181 181 181 181 180 180 180 180 180 178 177
159 160 160 160 160 160 159 159 159 159 159 158 158 158 157 157 157 157 156 156 156 156 156 156 155 155 155 155 155 155 155 155 155 155 155 155 156 156 156 156 156 156 156 156 156 156 157 157 157 157 158 158 158 159 159 160 160 161 162 162 163 164 164 165 165 166 166 168 169 170 170 171 172 174 175 176 177 177 178 179 179 180 180 180 180 180 180 180 180 179 179 178 178 177
158 158 158 159 159 159 159 158 158 158 158 158 158 158 157 157 157 157 156 156 156 156 156 156 156 156 155 155 155 155 155 155 155 155 155 155 156 156 155 155 155 155 156 155 156 156 156 156 156 156 157 157 157 158 158 159 159 160 161 162 163 163 164 164 165 166 167 168 169 170 171 172 173 174 175 175 176 177 178 178 179 179 179 180 180 180 180 179 179 179 178 178 177 177
157 157 158 158 158 158 158 158 158 157 157 157 157 157 157 157 157 157 156 156 156 156 156 156 156 156 155 155 156 156 155 155 155 155 155 155 155 155 155 155 155 155 155 155 155 155 155 155 155 155 156 156 156 157 157 158 159 159 160 161 162 163 164 164 165 166 167 168 169 170 171 172 172 173 174 175 176 177 177 178 178 179 179 179 179 179 179 179 179 178 178 177 177 177
156 156 157 157 157 158 158 158 157 157 157 157 157 157 157 157 157 157 156 156 156 156 156 156 156 156 155 155 156 156 156 156 156 155 155 155 155 155 155 155 155 155 155 154 154 154 154 154 154 154 155 155 156 156 157 157 158 159 159 160 161 162 163 164 165 166 167 167 168 169 170 171 172 173 174 175 175 176 177 177 178 178 178 178 178 178 178 178 178 178 177 177 177 176
155 156 156 156 157 157 157 157 157 157 157 157 157 157 157 156 156 156 156 156 156 156 156 156 156 156 155 155 156 156 156 156 156 155 155 155 155 155 155 155 155 154 154 154 154 153 153 153 153 153 154 154 155 155 156 157 157 158 158 160 161 162 162 163 164 165 166 167 168 168 169 170 171 172 173 174 175 176 176 177 177 177 178 178 178 178 178 178 178 177 177 177 176 176
154 155 155 156 156 157 157 157 157 157 157 157 157 157 157 157 156 156 156 156 156 156 156 156 156 156 155 155 155 156 156 156 156 156 155 155 155 155 155 155 154 154 154 153 153 153 152 152 152 152 152 153 154 154 155 156 156 157 158 159 160 161 162 163 164 164 166 167 168 168 169 170 171 172 173 174 175 175 176 176 177 177 177 177 177 177 177 177 177 177 177 176 176 175
154 155 155 155 156 156 157 157 157 157 157 157 157 157 157 157 157 156 156 156 156 156 156 156 156 156 156 155 155 155 156 156 156 156 155 155 155 155 155 154 154 154 153 153 152 152 152 151 151 151 151 152 153 154 154 155 156 157 157 158 159 160 161 162 163 164 165 166 167 167 168 169 170 171 173 174 174 175 175 176 176 176 176 177 177 177 177 177 177 177 176 176 176 175
154 154 154 155 155 156 156 157 157 157 157 157 157 157 157 156 156 157 157 156 156 156 156 156 156 156 156 155 155 155 155 156 156 156 155 155 155 155 155 154 154 153 153 153 152 152 151 151 150 150 150 151 152 153 154 155 156 156 157 158 159 160 161 162 163 164 165 166 166 167 167 169 170 170 171 173 173 174 175 175 175 176 176 176 176 176 176 176 176 176 176 176 175 175
154 154 155 155 156 156 156 156 157 157 156 156 157 157 157 157 156 156 157 156 156 156 156 156 156 156 156 156 156 155 155 156 156 156 156 155 155 155 155 154 154 153 153 152 152 151 151 150 149 149 149 150 151 152 153 154 155 156 157 158 159 159 160 161 162 163 164 165 166 167 168 169 170 170 171 173 173 173 174 174 175 175 175 176 176 176 176 176 176 176 176 175 175 175
