MUSICEvapDataQueryTool/BOMEvapData/etapjan.txt
ncols         417
nrows         337
xllcorner     112.15
yllcorner     -43.8
cellsize      0.1
NODATA_value  -9999
[rows 126 to 167 of 337, columns 282 to 375 of 417]
205 206 206 206 207 207 207 207 208 208 208 208 209 209 209 209 209 208 208 207 206 206 206 205 205 204 203 202 202 201 201 200 199 199 198 197 196 195 194 193 192 191 190 189 188 187 186 185 184 184 183 182 180 180 181 181 180 180 179 180 181 181 181 181 180 178 179 179 178 176 176 176 176 176 177 178 179 179 179 182 184 186 188 189 190 191 191 192 194 195 194 195 196 197
205 205 206 206 206 206 207 207 207 207 207 208 208 208 208 208 208 208 207 207 206 205 205 205 204 203 203 202 201 201 200 200 199 198 197 197 196 195 194 193 192 191 190 189 188 187 186 185 184 184 183 182 180 180 181 181 180 180 180 180 181 181 181 181 180 179 179 179 178 177 177 177 177 177 178 179 181 182 183 183 185 187 189 190 191 192 193 194 195 196 196 195 196 198
205 205 205 205 206 206 207 207 207 207 207 208 208 208 208 207 207 207 206 206 205 205 204 204 204 203 202 202 201 201 200 200 199 198 197 196 196 195 194 193 192 191 190 189 187 186 185 185 184 183 182 182 180 180 181 181 180 180 180 181 181 182 182 181 181 181 179 179 179 178 179 179 179 179 180 181 182 184 185 186 187 189 190 191 193 194 195 195 196 196 197 197 196 198
205 205 205 205 205 206 206 207 207 206 207 207 207 207 207 207 206 206 206 205 205 204 204 203 203 203 202 201 201 200 200 199 199 198 197 196 195 195 193 193 192 191 189 188 187 186 185 184 183 183 182 181 180 180 181 181 181 180 180 181 182 182 182 182 182 181 181 179 179 179 180 180 180 181 182 183 184 186 187 188 189 190 191 192 194 195 196 196 196 197 198 199 197 198
204 205 205 205 205 206 206 206 206 206 207 207 207 206 206 206 206 205 205 204 204 204 203 203 203 202 202 201 200 200 200 199 198 198 197 196 195 194 193 193 192 191 189 188 187 186 184 183 183 182 182 181 180 180 181 181 181 180 181 182 182 182 182 182 182 182 182 181 180 180 181 181 182 183 184 185 186 187 189 190 190 191 193 194 195 196 196 197 198 198 198 200 199 198
204 204 205 205 205 205 206 206 206 206 206 206 206 206 206 205 205 205 204 204 204 203 203 202 202 202 201 201 200 200 199 199 198 198 197 196 195 195 194 193 192 191 189 188 187 186 184 183 182 181 181 181 180 180 181 181 181 181 181 182 182 182 183 183 183 183 182 181 180 181 182 183 184 185 186 187 188 189 190 192 192 192 194 195 196 197 197 198 199 200 200 201 201 200
204 204 204 204 205 205 205 206 206 206 206 206 206 205 205 205 204 204 204 204 203 203 203 202 202 202 201 201 200 200 199 199 198 198 197 196 196 195 194 193 192 191 189 188 187 185 184 183 182 181 181 181 180 180 181 182 182 182 182 182 183 183 183 183 184 183 183 182 180 181 183 184 186 187 188 189 190 191 192 193 194 195 196 197 197 198 198 199 200 201 201 202 202 201
204 204 204 204 205 205 205 205 205 205 205 205 205 205 204 204 204 204 203 203 203 203 202 202 201 201 201 200 200 199 199 199 198 198 197 196 196 195 194 193 192 191 190 188 187 185 184 183 181 180 181 181 181 181 182 182 182 183 182 183 183 183 184 184 184 184 184 183 180 182 185 187 187 189 190 191 192 193 194 195 196 197 197 197 198 199 199 201 201 202 202 202 203 203
203 204 204 204 204 204 205 205 205 204 205 205 204 204 204 204 204 203 203 203 202 202 201 201 200 201 201 200 200 199 199 199 198 198 197 196 196 195 194 193 192 191 190 188 187 186 184 183 182 181 181 181 182 182 182 182 183 183 183 183 184 184 184 185 185 185 185 184 185 186 187 189 190 191 192 193 194 194 195 196 197 198 197 198 199 199 198 202 203 203 203 203 203 204
203 203 204 204 204 204 204 204 204 204 204 204 204 203 203 203 203 203 202 202 202 202 201 200 200 200 200 200 199 199 199 198 198 198 197 196 196 195 194 193 192 191 190 189 188 186 185 184 183 182 182 182 182 183 182 182 183 184 184 183 184 185 185 185 185 186 186 185 186 188 189 190 191 192 193 194 195 196 197 198 199 199 199 199 200 200 196 198 203 204 204 205 205 205
203 203 203 204 204 204 204 204 204 204 203 203 203 203 203 203 202 202 201 201 201 201 200 200 200 200 200 200 199 199 199 198 198 198 197 196 196 195 194 193 193 192 191 190 189 187 186 185 184 183 183 183 183 183 183 183 183 184 185 184 184 185 186 186 186 187 187 187 186 188 191 192 192 193 195 196 196 198 199 200 200 201 201 200 200 201 196 199 202 203 205 206 206 206
203 203 203 203 204 204 204 204 204 203 203 203 202 202 202 202 201 201 201 201 201 201 200 200 200 200 200 199 199 199 199 198 198 197 197 196 196 195 195 194 193 192 192 191 190 188 187 186 185 185 184 184 184 184 184 184 184 184 185 185 185 186 186 187 187 187 188 188 188 190 192 193 193 195 196 196 197 199 200 201 201 202 202 202 202 202 199 200 204 205 205 206 206 207
203 203 203 203 203 203 203 203 203 203 203 202 202 202 201 201 201 201 201 201 201 200 200 199 199 199 199 199 199 199 198 198 197 197 197 196 196 195 195 194 194 193 192 191 190 189 188 187 186 186 185 185 185 185 185 185 185 184 186 186 186 187 187 187 187 188 188 189 190 191 192 193 193 195 197 197 196 200 201 202 202 203 203 203 203 203 201 201 205 206 206 206 207 208
203 203 203 203 203 203 203 203 203 202 202 202 202 201 201 201 201 201 201 200 200 200 199 199 199 199 199 199 199 199 198 198 197 197 197 196 196 196 196 195 195 194 193 192 191 190 189 188 187 187 186 186 186 186 186 186 186 186 186 186 187 187 188 188 188 187 187 189 191 192 193 194 196 197 198 199 199 199 201 203 203 203 204 204 204 203 202 203 205 206 208 208 207 209
202 203 203 203 203 203 203 203 202 202 202 201 201 201 200 200 200 200 200 200 200 199 199 199 199 199 198 198 198 198 198 198 197 197 197 196 196 196 196 196 196 195 194 193 192 190 190 189 188 188 188 187 187 187 187 187 186 186 187 186 187 188 188 188 189 188 189 190 191 192 194 195 196 196 198 200 201 202 202 203 203 203 204 204 204 203 203 205 207 208 208 209 209 209
202 202 202 202 202 202 202 202 202 202 201 201 201 200 200 200 200 200 200 200 199 199 198 198 198 198 198 198 198 198 198 197 197 197 197 196 196 196 196 196 196 195 194 193 192 191 190 190 189 189 189 188 188 188 188 188 188 187 187 188 187 188 188 189 189 190 190 191 192 193 194 195 195 196 198 199 201 200 201 203 203 203 204 204 204 204 204 206 207 208 209 209 210 209
202 202 202 202 202 202 202 202 202 201 201 201 200 200 200 200 200 200 199 199 199 198 198 198 198 198 198 198 198 197 197 197 197 197 197 196 196 196 196 196 196 195 194 193 192 191 191 190 190 189 189 189 189 189 189 189 188 189 188 189 189 188 189 190 190 191 191 192 193 194 194 194 195 196 198 199 200 199 198 202 203 204 204 204 204 204 204 205 207 208 209 209 210 209
202 202 202 202 202 202 201 201 201 201 200 200 200 200 200 200 199 199 199 198 198 198 198 198 198 198 198 198 197 197 197 197 196 196 197 196 196 196 196 196 195 195 194 193 192 192 191 191 190 190 190 190 190 190 190 190 190 190 191 190 190 190 189 189 189 191 192 192 193 194 194 194 194 193 195 195 196 195 199 202 202 203 204 204 204 204 203 205 207 209 209 210 210 210
202 202 202 202 202 201 201 201 201 200 200 200 200 200 199 199 199 198 198 198 198 197 197 198 197 197 197 197 197 197 196 196 196 196 196 196 196 196 195 195 195 194 192 192 192 192 191 191 191 191 190 190 190 190 191 191 191 191 191 191 191 190 190 189 189 189 191 192 192 192 194 193 192 191 193 191 193 197 198 201 202 202 202 204 204 203 203 206 207 208 209 209 210 210
202 202 202 202 201 201 201 201 200 200 200 200 200 199 199 198 198 197 197 198 197 197 197 197 197 197 197 197 197 196 195 195 195 196 196 196 195 195 194 195 194 193 192 191 192 192 192 191 191 191 191 191 190 191 190 191 191 192 192 191 191 191 190 190 190 190 190 191 191 190 192 191 190 188 187 188 193 193 195 199 201 201 202 203 203 202 202 206 207 206 207 208 209 210
202 202 201 201 201 201 201 200 200 200 200 200 199 199 198 198 197 197 197 197 197 197 197 197 197 197 197 197 196 196 196 195 196 196 196 196 195 195 193 193 193 193 192 191 191 191 191 191 191 191 191 191 191 191 191 191 192 192 193 193 192 191 191 190 190 190 189 191 190 189 189 189 189 188 188 187 189 191 193 197 199 200 200 202 202 199 200 204 206 206 206 206 207 209
202 201 201 201 201 201 200 200 200 200 200 199 199 199 198 198 197 197 197 197 197 196 196 196 196 196 196 196 196 196 196 196 196 196 196 195 195 194 193 193 193 192 192 191 191 191 191 191 191 191 191 191 191 191 191 191 192 192 193 193 193 191 190 190 190 189 190 189 189 189 189 188 189 189 188 189 187 187 190 197 199 200 200 200 200 200 201 203 204 203 203 203 205 205
201 201 201 201 201 200 200 200 200 200 199 199 199 198 198 197 197 197 197 197 196 196 196 196 196 196 196 196 196 196 196 196 196 196 195 195 195 194 194 193 193 192 192 192 191 191 191 191 191 191 191 191 191 191 191 191 192 192 193 193 192 191 191 190 190 189 189 190 190 189 188 188 188 187 188 190 187 187 192 196 197 198 199 200 198 199 200 199 200 200 201 203 203 202
201 201 201 201 201 200 200 200 200 199 199 199 198 198 197 197 197 197 197 196 196 196 196 196 196 196 196 196 196 196 196 196 195 195 195 195 194 194 193 193 192 192 192 192 191 191 191 191 191 191 191 191 191 191 191 191 192 192 193 192 192 191 191 190 189 189 189 189 189 188 187 187 188 188 189 189 189 190 190 192 194 197 197 199 198 196 197 198 199 200 201 202 202 201
201 201 201 201 200 200 200 199 199 199 199 198 198 198 197 197 197 197 196 196 196 195 195 195 195 195 195 195 195 195 195 195 195 195 195 194 194 194 193 192 192 192 192 191 191 191 191 191 191 190 190 190 191 191 191 191 192 192 192 192 191 191 190 190 189 189 188 189 188 188 187 188 187 188 188 188 190 190 190 189 190 193 194 196 198 196 197 198 198 199 200 200 200 199
201 201 201 200 200 200 200 199 199 199 199 198 198 197 197 197 197 197 196 196 196 195 195 195 195 195 195 195 195 195 195 194 194 194 194 194 194 193 193 192 192 192 192 191 191 191 191 191 191 191 190 190 191 191 191 191 191 191 191 191 191 191 190 189 189 189 188 188 188 188 187 186 186 188 187 188 189 190 190 190 191 192 193 194 196 194 194 196 198 199 199 198 198 198
201 201 200 200 200 200 199 199 199 198 198 198 198 197 197 197 196 196 196 196 195 195 195 195 195 195 195 195 195 195 194 194 194 194 194 194 194 193 193 192 192 192 192 191 191 191 191 191 191 190 190 190 190 191 190 191 191 191 191 190 190 190 189 189 189 188 188 187 187 187 186 186 187 187 187 188 188 189 190 190 190 191 192 193 194 194 193 195 197 198 198 198 197 196
201 200 200 200 199 199 199 199 199 198 197 197 197 197 197 196 196 196 196 196 195 195 195 195 195 195 195 195 195 195 194 194 194 194 193 193 193 193 193 192 192 192 191 191 191 191 191 190 190 189 190 190 190 190 190 190 190 190 190 190 190 189 189 189 188 188 187 187 187 186 186 186 186 186 186 187 188 188 189 189 190 190 191 192 193 194 194 195 196 196 196 197 195 195
200 200 200 200 199 198 199 198 198 198 198 197 197 197 197 196 196 196 196 196 195 195 195 195 195 195 195 195 195 195 194 194 194 194 194 193 193 193 193 192 192 192 191 191 191 191 190 190 190 190 190 190 190 190 189 189 190 190 190 189 189 189 188 188 188 187 187 186 185 185 185 185 185 185 186 186 187 187 187 188 189 190 190 191 192 194 195 196 196 196 196 195 195 194
200 200 200 199 199 198 198 198 198 197 197 197 197 197 197 196 196 196 196 196 195 195 195 195 195 195 195 195 195 194 195 194 194 194 194 193 193 193 192 192 192 191 191 191 191 190 190 190 190 190 190 190 190 190 190 189 189 189 189 189 189 188 188 187 187 186 185 185 184 184 184 184 184 185 185 185 185 185 184 186 188 189 190 191 192 194 194 195 194 196 196 195 195 193
200 200 199 199 199 199 198 198 197 197 197 197 197 196 197 196 196 196 196 196 195 195 195 195 195 195 195 195 195 194 195 195 194 194 194 194 193 193 193 192 192 191 191 191 191 190 190 190 190 190 190 190 190 189 189 189 189 189 189 188 188 188 187 187 186 185 185 184 183 183 183 183 183 184 184 184 184 184 183 184 187 188 189 191 192 192 193 194 194 195 195 194 193 193
199 199 199 199 199 198 198 198 197 197 197 197 197 197 197 196 196 196 196 195 195 195 195 195 195 195 195 195 195 194 195 195 195 195 194 194 193 193 193 193 192 191 191 190 191 190 190 190 190 190 190 190 190 189 189 189 189 189 188 187 188 187 187 186 185 185 184 183 182 182 182 181 182 182 183 183 182 183 183 185 186 188 189 190 191 192 193 194 195 195 195 194 194 193
199 199 198 198 198 198 198 197 196 197 197 197 197 197 196 196 196 196 196 195 194 194 195 194 195 195 195 195 195 195 195 195 195 195 194 194 194 193 193 193 192 191 191 191 191 190 190 190 190 190 190 190 190 189 189 189 189 188 187 187 187 186 185 185 185 184 184 183 182 181 180 181 180 181 182 182 181 181 182 184 186 187 189 190 192 193 194 195 195 195 195 194 194 193
199 198 198 197 198 198 198 197 197 197 197 197 197 196 196 196 196 196 196 195 194 194 194 194 195 195 195 195 195 195 195 195 195 195 195 194 194 194 194 193 192 192 192 191 191 191 190 190 190 190 190 190 189 189 189 189 188 188 187 187 187 186 185 185 184 184 183 183 182 180 180 180 180 180 180 180 180 181 182 184 186 187 189 191 192 193 194 195 195 195 194 194 193 193
198 198 197 197 197 197 197 197 197 197 197 197 196 196 196 196 196 196 196 195 194 195 194 194 194 194 195 195 195 195 195 196 195 195 195 194 194 195 194 194 193 193 192 192 191 191 190 190 190 190 190 190 189 189 189 189 188 188 187 187 186 186 185 184 184 184 183 182 181 180 179 179 179 179 179 179 179 181 182 184 186 188 190 192 192 193 193 194 195 195 194 194 193 193
198 197 197 197 197 196 196 197 197 197 197 196 196 196 196 196 196 196 196 195 195 195 194 194 194 195 195 195 196 196 196 196 196 196 196 195 195 195 195 195 194 193 193 192 192 191 191 191 191 190 190 189 189 189 189 188 188 187 187 186 186 185 185 184 184 184 183 182 181 180 180 179 179 178 178 178 179 180 182 184 186 188 191 192 194 193 194 195 194 195 194 194 193 192
198 198 197 197 196 196 196 197 196 196 197 196 196 196 196 196 196 196 196 196 195 195 194 194 194 195 195 195 196 196 196 196 196 196 196 195 195 195 196 196 195 194 194 193 192 192 192 191 191 190 190 190 189 189 189 188 188 187 187 186 186 185 184 184 184 184 183 182 181 181 180 179 178 178 178 177 178 179 182 184 186 190 192 194 195 195 196 196 195 195 195 194 194 193
198 197 197 196 196 196 196 196 196 196 196 196 196 196 196 196 196 196 196 195 195 195 194 195 194 195 195 195 196 196 196 196 196 196 196 195 196 196 196 196 196 195 194 194 193 192 192 191 191 191 190 190 189 189 189 188 188 188 187 186 186 185 185 185 184 183 183 182 181 181 180 180 179 178 177 177 177 179 182 184 187 190 193 196 197 198 197 197 197 196 196 195 194 194
198 197 197 197 197 197 196 196 196 196 196 196 195 196 196 196 196 196 196 195 195 195 195 195 194 195 195 195 196 196 196 196 196 196 196 196 196 196 197 197 196 196 195 194 193 193 193 192 192 191 191 190 190 190 189 188 188 188 187 187 186 186 185 185 184 183 183 182 182 182 181 180 179 179 179 178 179 180 183 185 188 190 194 197 198 198 198 198 197 197 197 196 195 194
198 197 197 197 197 197 196 196 196 196 195 195 195 195 196 196 196 196 195 195 196 195 195 195 195 195 195 195 196 196 196 196 196 196 196 196 196 197 197 197 197 196 195 194 193 193 193 192 192 192 191 190 190 190 189 189 189 188 188 187 187 186 186 185 185 184 183 183 183 182 182 181 180 180 180 180 181 182 184 186 189 191 194 196 198 199 199 199 198 197 197 197 196 195
197 197 197 197 197 196 196 196 196 196 195 195 195 196 196 196 196 196 195 196 196 195 195 195 195 195 195 195 196 196 196 196 196 196 196 196 196 197 197 197 196 196 195 194 194 193 193 193 192 192 191 190 191 190 190 189 189 189 188 187 187 187 186 186 185 184 184 184 184 183 183 182 181 181 181 182 183 184 186 188 190 192 194 196 198 199 199 199 199 198 198 197 196 196
197 197 197 197 196 196 196 196 196 196 195 195 195 195 195 196 196 195 194 195 195 195 195 195 195 195 196 195 196 196 196 196 196 196 196 196 197 197 197 197 197 196 195 195 194 194 193 193 192 192 192 191 190 191 190 190 189 189 189 188 188 187 187 186 186 185 185 185 184 184 184 183 183 183 183 184 185 186 187 189 191 193 194 196 198 199 200 200 200 199 198 197 197 196
