MUSICEvapDataQueryTool/BOMEvapData/etapmay.txt
ncols         417
nrows         337
xllcorner     112.15
yllcorner     -43.8
cellsize      0.1
NODATA_value  -9999
[rows 0 to 54 of 337, columns 96 to 191 of 417]
163 164 164 164 164 164 165 165 165 165 165 165 166 166 166 166 166 167 167 167 167 167 168 168 168 168 168 168 169 169 169 169 169 169 170 170 170 170 170 170 170 171 171 171 171 171 171 171 171 172 172 172 172 172 172 172 172 172 172 172 172 172 173 173 173 173 173 173 173 173 173 173 173 173 173 173 173 173 173 173 173 173 173 173 173 173 173 173 173 173 173 173 173 173 173 173
163 163 163 163 164 164 164 164 164 165 165 165 165 165 165 166 166 166 166 166 167 167 167 167 167 168 168 168 168 168 168 169 169 169 169 169 169 169 170 170 170 170 170 170 170 171 171 171 171 171 171 171 171 171 171 172 172 172 172 172 172 172 172 172 172 172 172 172 172 172 172 172 172 172 172 172 172 173 173 173 173 173 173 173 173 173 173 173 173 173 173 173 173 173 172 172
162 162 163 163 163 163 163 164 164 164 164 164 164 165 165 165 165 165 166 166 166 166 166 167 167 167 167 167 167 168 168 168 168 168 168 169 169 169 169 169 169 170 170 170 170 170 170 170 170 170 171 171 171 171 171 171 171 171 171 171 171 171 171 171 171 172 172 172 172 172 172 172 172 172 172 172 172 172 172 172 172 172 172 172 172 172 172 172 172 172 172 172 172 172 172 172
162 162 162 162 162 163 163 163 163 163 164 164 164 164 164 164 165 165 165 165 165 166 166 166 166 166 167 167 167 167 167 167 168 168 168 168 168 168 169 169 169 169 169 169 169 169 170 170 170 170 170 170 170 170 170 170 170 171 171 171 171 171 171 171 171 171 171 171 171 171 171 171 171 171 171 171 171 171 171 171 171 171 171 171 171 171 171 171 171 171 171 171 171 171 171 171
161 161 161 162 162 162 162 162 163 163 163 163 163 163 164 164 164 164 164 165 165 165 165 165 166 166 166 166 166 167 167 167 167 167 167 168 168 168 168 168 168 168 169 169 169 169 169 169 169 169 169 170 170 170 170 170 170 170 170 170 170 170 170 170 170 170 170 170 171 171 171 171 171 171 171 171 171 171 171 171 171 171 171 171 171 171 171 171 171 171 171 171 171 171 171 171
160 161 161 161 161 161 162 162 162 162 162 163 163 163 163 163 163 164 164 164 164 164 165 165 165 165 165 166 166 166 166 166 167 167 167 167 167 167 167 168 168 168 168 168 168 168 168 169 169 169 169 169 169 169 169 169 169 169 169 170 170 170 170 170 170 170 170 170 170 170 170 170 170 170 170 170 170 170 170 170 170 170 170 170 170 170 170 170 170 170 170 170 170 170 170 170
160 160 160 160 161 161 161 161 161 162 162 162 162 162 162 163 163 163 163 163 164 164 164 164 164 165 165 165 165 165 166 166 166 166 166 166 167 167 167 167 167 167 167 168 168 168 168 168 168 168 168 168 169 169 169 169 169 169 169 169 169 169 169 169 169 169 169 169 169 169 169 169 169 169 169 170 170 170 170 170 170 170 170 170 170 170 170 169 169 169 169 169 169 169 169 169
159 159 160 160 160 160 160 160 161 161 161 161 161 162 162 162 162 162 163 163 163 163 163 164 164 164 164 164 165 165 165 165 165 166 166 166 166 166 166 167 167 167 167 167 167 167 167 168 168 168 168 168 168 168 168 168 168 168 168 168 168 169 169 169 169 169 169 169 169 169 169 169 169 169 169 169 169 169 169 169 169 169 169 169 169 169 169 169 169 169 169 169 169 169 169 168
159 159 159 159 159 159 160 160 160 160 160 161 161 161 161 161 162 162 162 162 163 163 163 163 163 164 164 164 164 164 164 165 165 165 165 165 166 166 166 166 166 166 166 167 167 167 167 167 167 167 167 167 167 167 168 168 168 168 168 168 168 168 168 168 168 168 168 168 168 168 168 168 168 168 168 168 168 168 168 168 168 168 168 168 168 168 168 168 168 168 168 168 168 168 168 168
158 158 158 158 159 159 159 159 159 160 160 160 160 160 161 161 161 161 161 162 162 162 162 163 163 163 163 163 164 164 164 164 164 164 165 165 165 165 165 165 166 166 166 166 166 166 166 166 167 167 167 167 167 167 167 167 167 167 167 167 167 167 167 167 167 167 168 168 168 168 168 168 168 168 168 168 168 168 168 168 168 168 168 168 168 168 168 168 168 167 167 167 167 167 167 167
157 157 158 158 158 158 158 159 159 159 159 159 160 160 160 160 160 161 161 161 161 162 162 162 162 162 163 163 163 163 163 164 164 164 164 164 164 165 165 165 165 165 165 165 166 166 166 166 166 166 166 166 166 166 166 166 167 167 167 167 167 167 167 167 167 167 167 167 167 167 167 167 167 167 167 167 167 167 167 167 167 167 167 167 167 167 167 167 167 167 167 167 167 166 166 166
157 157 157 157 157 158 158 158 158 158 159 159 159 159 159 160 160 160 160 160 161 161 161 161 162 162 162 162 162 163 163 163 163 163 163 164 164 164 164 164 164 165 165 165 165 165 165 165 165 166 166 166 166 166 166 166 166 166 166 166 166 166 166 166 166 166 166 166 166 166 166 166 166 166 166 166 166 166 166 166 166 166 166 166 166 166 166 166 166 166 166 166 166 166 166 165
156 156 156 157 157 157 157 157 158 158 158 158 158 159 159 159 159 159 160 160 160 160 161 161 161 161 161 162 162 162 162 162 163 163 163 163 163 163 164 164 164 164 164 164 164 165 165 165 165 165 165 165 165 165 165 165 165 165 165 166 166 166 166 166 166 166 166 166 166 166 166 166 166 166 166 166 166 166 166 166 166 166 166 166 166 165 165 165 165 165 165 165 165 165 165 165
155 156 156 156 156 156 157 157 157 157 157 158 158 158 158 158 159 159 159 159 159 160 160 160 160 161 161 161 161 161 162 162 162 162 162 163 163 163 163 163 163 163 164 164 164 164 164 164 164 164 164 165 165 165 165 165 165 165 165 165 165 165 165 165 165 165 165 165 165 165 165 165 165 165 165 165 165 165 165 165 165 165 165 165 165 165 165 165 165 164 164 164 164 164 164 164
155 155 155 155 155 156 156 156 156 156 157 157 157 157 158 158 158 158 158 159 159 159 159 160 160 160 160 160 161 161 161 161 161 162 162 162 162 162 162 163 163 163 163 163 163 163 164 164 164 164 164 164 164 164 164 164 164 164 164 164 164 164 164 164 164 164 164 164 164 164 164 164 164 164 164 164 164 164 164 164 164 164 164 164 164 164 164 164 164 164 164 163 163 163 163 163
154 154 154 155 155 155 155 155 156 156 156 156 156 157 157 157 157 158 158 158 158 158 159 159 159 159 160 160 160 160 160 161 161 161 161 161 162 162 162 162 162 162 163 163 163 163 163 163 163 163 163 163 163 164 164 164 164 164 164 164 164 164 164 164 164 164 164 164 164 164 164 164 164 164 164 164 164 164 164 164 164 164 163 163 163 163 163 163 163 163 163 163 163 163 163 163
153 154 154 154 154 154 155 155 155 155 155 156 156 156 156 156 157 157 157 157 158 158 158 158 159 159 159 159 159 160 160 160 160 160 161 161 161 161 161 162 162 162 162 162 162 162 162 163 163 163 163 163 163 163 163 163 163 163 163 163 163 163 163 163 163 163 163 163 163 163 163 163 163 163 163 163 163 163 163 163 163 163 163 163 163 163 163 163 163 163 162 162 162 162 162 162
153 153 153 153 153 154 154 154 154 155 155 155 155 155 156 156 156 156 157 157 157 157 157 158 158 158 158 159 159 159 159 159 160 160 160 160 160 161 161 161 161 161 161 162 162 162 162 162 162 162 162 162 162 162 162 162 162 162 163 163 163 163 163 163 163 163 163 163 163 163 163 163 162 162 162 162 162 162 162 162 162 162 162 162 162 162 162 162 162 162 162 162 161 161 161 161
152 152 152 153 153 153 153 153 154 154 154 154 155 155 155 155 155 156 156 156 156 157 157 157 157 157 158 158 158 158 159 159 159 159 159 160 160 160 160 160 161 161 161 161 161 161 161 161 161 162 162 162 162 162 162 162 162 162 162 162 162 162 162 162 162 162 162 162 162 162 162 162 162 162 162 162 162 162 162 162 162 162 161 161 161 161 161 161 161 161 161 161 161 161 160 160
151 152 152 152 152 152 153 153 153 153 153 154 154 154 154 155 155 155 155 155 156 156 156 156 157 157 157 157 158 158 158 158 158 159 159 159 159 159 160 160 160 160 160 160 161 161 161 161 161 161 161 161 161 161 161 161 161 161 161 161 161 161 161 161 161 161 161 161 161 161 161 161 161 161 161 161 161 161 161 161 161 161 161 161 161 161 160 160 160 160 160 160 160 160 160 159
151 151 151 151 151 152 152 152 152 153 153 153 153 153 154 154 154 154 155 155 155 155 156 156 156 156 156 157 157 157 157 158 158 158 158 158 159 159 159 159 159 160 160 160 160 160 160 160 160 160 160 160 161 161 161 161 161 161 161 161 161 161 161 161 161 161 161 161 161 161 161 160 160 160 160 160 160 160 160 160 160 160 160 160 160 160 160 160 160 159 159 159 159 159 159 159
150 150 150 151 151 151 151 151 152 152 152 152 153 153 153 153 153 154 154 154 154 155 155 155 155 156 156 156 156 157 157 157 157 157 158 158 158 158 158 159 159 159 159 159 159 160 160 160 160 160 160 160 160 160 160 160 160 160 160 160 160 160 160 160 160 160 160 160 160 160 160 160 160 160 160 160 160 160 160 159 159 159 159 159 159 159 159 159 159 159 159 158 158 158 158 158
149 149 150 150 150 150 151 151 151 151 151 152 152 152 152 153 153 153 153 153 154 154 154 154 155 155 155 155 156 156 156 156 157 157 157 157 158 158 158 158 158 158 159 159 159 159 159 159 159 159 159 159 159 159 159 159 159 159 159 159 159 159 159 159 159 159 159 159 159 159 159 159 159 159 159 159 159 159 159 159 159 159 159 158 158 158 158 158 158 158 157 157 157 157 157 157
149 149 149 149 149 150 150 150 150 151 151 151 151 151 152 152 152 152 153 153 153 153 154 154 154 154 155 155 155 155 156 156 156 156 156 157 157 157 157 158 158 158 158 158 158 158 158 159 159 159 159 159 159 159 159 159 159 159 159 159 159 159 159 159 159 159 159 159 159 158 158 158 158 158 158 158 158 158 158 158 158 158 158 158 158 157 157 157 157 157 157 157 156 156 156 156
148 148 148 149 149 149 149 149 150 150 150 150 150 151 151 151 151 152 152 152 152 153 153 153 153 154 154 154 154 155 155 155 155 156 156 156 156 157 157 157 157 157 157 158 158 158 158 158 158 158 158 158 158 158 158 158 158 158 158 158 158 158 158 158 158 158 158 158 158 158 158 158 158 158 158 158 157 157 157 157 157 157 157 157 157 157 156 156 156 156 156 156 156 155 155 155
147 147 148 148 148 148 148 149 149 149 149 150 150 150 150 150 151 151 151 151 152 152 152 152 153 153 153 153 154 154 154 154 155 155 155 155 156 156 156 156 157 157 157 157 157 157 157 157 157 157 157 157 157 157 157 157 157 157 157 157 157 157 157 157 157 157 157 157 157 157 157 157 157 157 157 157 157 157 157 157 156 156 156 156 156 156 156 155 155 155 155 155 155 154 154 154
146 147 147 147 147 148 148 148 148 148 149 149 149 149 150 150 150 150 151 151 151 151 152 152 152 152 153 153 153 153 154 154 154 154 155 155 155 155 156 156 156 156 156 156 157 157 157 157 157 157 157 157 157 157 157 157 157 157 157 157 157 157 157 157 157 157 156 156 156 156 156 156 156 156 156 156 156 156 156 156 156 156 155 155 155 155 155 155 155 154 154 154 154 154 154 153
146 146 146 146 147 147 147 147 147 148 148 148 148 149 149 149 149 150 150 150 150 151 151 151 151 152 152 152 152 153 153 153 153 154 154 154 154 155 155 155 155 156 156 156 156 156 156 156 156 156 156 156 156 156 156 156 156 156 156 156 156 156 156 156 156 156 156 156 156 156 156 156 155 155 155 155 155 155 155 155 155 155 155 154 154 154 154 154 154 153 153 153 153 153 153 152
145 145 145 146 146 146 146 147 147 147 147 147 148 148 148 148 149 149 149 149 150 150 150 150 151 151 151 151 152 152 152 152 153 153 153 154 154 154 154 155 155 155 155 155 155 155 156 156 156 156 156 156 156 156 155 155 155 155 155 155 155 155 155 155 155 155 155 155 155 155 155 155 155 155 155 155 154 154 154 154 154 154 154 154 153 153 153 153 153 153 152 152 152 152 152 152
144 145 145 145 145 145 146 146 146 146 146 147 147 147 147 148 148 148 148 149 149 149 149 150 150 150 150 151 151 151 152 152 152 152 153 153 153 153 154 154 154 154 155 155 155 155 155 155 155 155 155 155 155 155 155 155 155 155 155 155 155 155 154 154 154 154 154 154 154 154 154 154 154 154 154 154 154 154 154 153 153 153 153 153 153 153 152 152 152 152 151 151 151 151 151 151
144 144 144 144 144 145 145 145 145 146 146 146 146 146 147 147 147 147 148 148 148 148 149 149 149 149 150 150 150 151 151 151 151 152 152 152 152 153 153 153 154 154 154 154 154 154 154 154 154 154 154 154 154 154 154 154 154 154 154 154 154 154 154 154 154 154 154 154 153 153 153 153 153 153 153 153 153 153 153 153 153 152 152 152 152 152 152 151 151 151 151 150 150 150 150 150
143 143 143 144 144 144 144 144 145 145 145 145 146 146 146 146 146 147 147 147 147 148 148 148 148 149 149 149 150 150 150 150 151 151 151 152 152 152 152 153 153 153 153 154 154 154 154 154 154 154 154 154 153 153 153 153 153 153 153 153 153 153 153 153 153 153 153 153 153 153 153 153 152 152 152 152 152 152 152 152 152 152 152 151 151 151 151 151 150 150 150 149 149 149 149 149
142 142 143 143 143 143 143 144 144 144 144 145 145 145 145 145 146 146 146 146 147 147 147 147 148 148 148 149 149 149 149 150 150 150 150 151 151 151 152 152 152 153 153 153 153 153 153 153 153 153 153 153 153 153 153 153 152 152 152 152 152 152 152 152 152 152 152 152 152 152 152 152 152 152 152 151 151 151 151 151 151 151 151 150 150 150 150 150 150 149 149 149 148 148 148 148
141 142 142 142 142 142 143 143 143 143 144 144 144 144 144 145 145 145 145 146 146 146 146 147 147 147 148 148 148 148 149 149 149 149 150 150 150 151 151 151 152 152 152 152 152 152 152 152 152 152 152 152 152 152 152 152 152 152 152 152 152 152 151 151 151 151 151 151 151 151 151 151 151 151 151 151 151 150 150 150 150 150 150 150 149 149 149 149 149 149 148 148 147 147 147 147
141 141 141 141 142 142 142 142 142 143 143 143 143 144 144 144 144 144 145 145 145 145 146 146 146 146 147 147 147 148 148 148 148 149 149 149 150 150 150 151 151 151 151 152 152 152 152 152 152 151 151 151 151 151 151 151 151 151 151 151 151 151 151 151 151 151 151 150 150 150 150 150 150 150 150 150 150 150 150 149 149 149 149 149 149 148 148 148 148 148 147 147 147 146 146 146
140 140 140 141 141 141 141 141 142 142 142 142 143 143 143 143 143 144 144 144 144 145 145 145 145 146 146 146 146 147 147 147 148 148 148 148 149 149 149 150 150 150 151 151 151 151 151 151 151 151 150 150 150 150 150 150 150 150 150 150 150 150 150 150 150 150 150 150 150 150 150 149 149 149 149 149 149 149 149 149 148 148 148 148 148 148 147 147 147 147 147 146 146 145 145 145
139 139 140 140 140 140 140 141 141 141 141 142 142 142 142 142 143 143 143 143 144 144 144 144 145 145 145 145 146 146 146 146 147 147 147 148 148 148 149 149 149 150 150 150 150 150 150 150 150 150 149 149 149 149 149 149 149 149 149 149 149 149 149 149 149 149 149 149 149 149 149 149 149 148 148 148 148 148 148 148 147 147 147 147 147 146 147 146 146 146 146 145 145 144 144 144
138 139 139 139 139 139 140 140 140 140 141 141 141 141 141 142 142 142 142 143 143 143 143 144 144 144 144 145 145 145 145 146 146 146 146 147 147 147 148 148 148 149 149 149 149 149 149 149 149 149 149 148 148 148 148 148 148 148 148 148 148 148 148 148 148 148 148 148 148 148 148 148 148 148 148 147 147 147 147 147 146 146 146 146 146 146 146 145 145 145 145 144 144 143 143 143
138 138 138 138 138 139 139 139 139 140 140 140 140 140 141 141 141 141 142 142 142 142 143 143 143 143 144 144 144 144 145 145 145 145 146 146 146 146 147 147 147 148 148 148 148 148 148 148 148 148 147 147 147 147 147 147 147 148 148 147 147 147 147 147 147 147 147 147 147 147 147 147 147 147 147 147 147 146 146 146 146 146 145 145 145 145 145 144 144 144 144 143 143 142 142 142
137 137 137 137 138 138 138 138 139 139 139 139 139 140 140 140 140 141 141 141 141 142 142 142 142 142 143 143 143 143 144 144 144 144 145 145 145 145 146 146 146 146 147 147 147 147 146 147 147 146 146 146 146 146 146 146 146 146 146 147 147 147 147 147 147 147 147 147 147 146 146 146 146 146 146 146 146 145 145 145 145 145 144 144 144 144 143 143 143 143 142 142 142 141 141 141
136 136 137 137 137 137 137 138 138 138 138 138 139 139 139 139 140 140 140 140 140 141 141 141 141 142 142 142 142 143 143 143 143 144 144 144 144 144 144 145 145 145 145 145 145 145 145 145 145 145 145 145 145 145 145 145 145 145 145 146 146 146 146 146 146 146 146 146 146 146 146 146 145 145 145 145 145 144 144 144 144 144 144 143 143 143 142 142 142 142 141 141 140 140 140 139
135 136 136 136 136 136 137 137 137 137 137 138 138 138 138 139 139 139 139 139 140 140 140 140 141 141 141 141 142 142 142 142 142 143 143 143 143 143 143 144 144 144 144 144 144 144 144 144 144 144 144 144 144 144 144 144 144 144 144 145 145 145 145 145 145 145 145 145 145 145 145 145 145 144 144 144 144 143 143 143 143 143 142 142 142 141 141 141 141 140 140 140 139 139 139 138
135 135 135 135 135 136 136 136 136 136 137 137 137 137 138 138 138 138 138 139 139 139 139 140 140 140 140 140 141 141 141 141 141 142 142 142 142 142 142 143 143 143 143 143 143 143 143 143 143 143 143 143 143 143 143 143 143 143 144 144 144 144 144 144 144 144 144 144 144 144 144 144 144 144 144 143 143 143 143 142 142 142 141 141 141 140 140 140 140 139 139 139 138 138 138 137
134 134 134 134 135 135 135 135 135 136 136 136 136 136 137 137 137 137 138 138 138 138 139 139 139 139 139 140 140 140 140 140 141 141 141 141 141 141 141 141 141 142 142 141 141 142 142 142 141 142 142 142 142 142 142 142 142 142 143 142 143 143 143 143 143 143 143 143 143 143 143 143 143 143 143 143 142 142 142 141 141 141 140 140 140 139 139 139 139 138 138 138 137 137 137 136
133 133 133 134 134 134 134 134 135 135 135 135 135 136 136 136 136 137 137 137 137 137 138 138 138 138 139 139 139 139 139 140 140 140 140 140 140 140 140 140 140 140 140 140 140 140 140 140 140 141 141 141 141 141 141 141 141 141 142 142 142 142 142 142 143 143 143 143 143 143 142 142 142 142 142 142 142 141 141 140 140 140 140 139 139 139 138 138 138 137 137 137 136 136 136 135
132 132 133 133 133 133 133 134 134 134 134 134 135 135 135 135 136 136 136 136 136 137 137 137 137 137 138 138 138 138 138 139 139 139 139 139 139 139 139 139 138 139 139 139 139 139 139 139 139 140 139 140 140 140 140 140 140 140 141 141 141 141 141 141 141 141 142 142 142 142 142 142 141 141 141 141 141 140 140 140 139 139 139 139 138 138 137 137 137 136 136 136 135 135 135 134
131 132 132 132 132 132 133 133 133 133 133 134 134 134 134 134 135 135 135 135 136 136 136 136 136 137 137 137 137 137 138 138 138 138 138 138 137 138 138 138 137 137 137 137 137 138 138 138 138 138 138 138 138 139 139 139 139 139 140 140 140 140 140 140 141 141 141 141 141 141 141 141 141 140 140 140 140 139 139 139 138 138 138 138 137 137 137 136 136 136 135 135 134 134 134 133
131 131 131 131 131 132 132 132 132 132 133 133 133 133 133 134 134 134 134 135 135 135 135 135 136 136 136 136 136 137 137 136 137 137 137 137 136 137 137 137 136 136 136 136 136 136 136 136 137 137 137 137 137 137 138 138 138 138 138 138 139 139 139 140 140 140 140 140 140 140 140 140 140 140 139 139 139 139 138 138 137 137 137 136 136 136 136 135 135 135 134 134 133 133 133 132
130 130 130 130 131 131 131 131 131 132 132 132 132 132 133 133 133 133 133 134 134 134 134 135 135 135 135 135 135 136 136 136 136 136 136 136 136 135 135 135 135 135 135 135 135 135 135 135 135 136 136 136 136 136 137 137 137 137 138 138 138 138 138 139 139 139 139 139 139 139 139 139 139 139 139 138 138 138 138 137 136 136 136 135 135 135 134 134 134 134 134 133 132 132 132 131
129 129 129 130 130 130 130 130 131 131 131 131 131 132 132 132 132 132 133 133 133 133 133 134 134 134 134 134 135 135 135 135 135 135 135 135 135 135 134 134 134 134 134 134 134 134 134 134 134 135 135 135 135 135 136 136 136 137 137 137 137 137 137 138 138 138 138 138 138 138 138 138 138 138 138 137 137 137 136 136 136 135 135 135 134 134 133 133 133 133 132 132 132 131 131 131
128 128 129 129 129 129 129 130 130 130 130 130 131 131 131 131 131 132 132 132 132 132 133 133 133 133 133 134 134 134 134 134 134 134 134 134 134 134 134 134 133 133 133 132 132 132 132 133 133 133 134 134 134 134 135 135 135 136 136 136 136 137 137 137 137 137 137 137 138 138 138 138 137 137 137 137 136 136 135 135 135 134 134 134 133 133 133 133 132 132 132 131 131 130 130 130
127 128 128 128 128 128 128 129 129 129 129 129 130 130 130 130 131 131 131 131 131 132 132 132 132 132 133 132 133 133 133 133 133 133 133 133 133 133 133 133 132 132 132 131 131 131 131 132 132 132 133 133 133 134 134 134 134 135 135 135 135 136 136 136 136 137 137 137 137 137 137 137 137 136 136 136 135 135 134 134 134 133 133 133 132 132 132 132 131 131 131 130 130 130 129 129
127 127 127 127 127 127 128 128 128 128 128 129 129 129 129 129 130 130 130 130 131 131 131 131 131 132 132 132 132 132 132 132 132 132 132 132 132 132 132 131 132 131 131 131 130 130 130 131 131 132 132 132 132 133 133 133 134 134 134 134 134 135 135 135 135 136 136 136 136 136 136 136 136 136 135 134 134 134 134 133 133 132 132 132 132 131 131 131 130 130 130 130 129 129 129 128
126 126 126 126 126 127 127 127 127 127 128 128 128 128 128 129 129 129 129 129 130 130 130 130 131 131 131 131 131 131 131 131 131 131 131 131 131 131 131 131 131 130 130 130 130 130 130 130 130 131 131 131 131 132 132 132 132 133 133 134 134 134 134 134 135 135 135 136 136 136 135 135 135 134 134 134 133 133 133 132 131 131 131 131 131 130 130 130 129 129 129 129 129 128 128 127
125 125 125 125 126 126 126 126 126 127 127 127 127 127 128 128 128 128 128 129 129 129 129 129 130 130 130 130 130 130 130 131 130 130 131 131 131 130 130 130 130 130 129 129 129 129 129 130 130 130 130 130 131 131 131 131 132 132 132 132 133 133 133 133 134 134 134 134 135 135 135 135 134 134 133 132 132 132 132 131 130 130 130 130 130 129 129 129 129 129 128 128 127 128 127 127
